INDEX VOCABULORU‘M:

11111111 vitai 11111111 fraudem 4, 1111111111119, 344 languens 6, 4258
1111111116, 1151 1201 11111 1111111, 956 1113111113, 960 .
1111111, 584 1111111113, 893 11111113119 11131111114,40
1111111111, 538 1111111114, 897 1111611111, 194 11131111115, 10051
11111115, 753 1111111111, 393 1161113113151 6, 797 Ι
labefacta 111111 3, 1111111114918. 6011 1111111 1111113117. 1113111113, 594.
592:4,1287 3993 143 105314, 99815,
11111111111111111111 111111114691. 1033 1111111, 94 763

6, 798 1111111119136141111 (11113)1111111111311111114,949
labefactari 11111114, 848. 695. 788 735. 4,294. 310. 845 11131114, 769. 5,
437 757. 769 dextra laevaq ue 4, 830

labefactat 1111111, 11111111141139 977 11131111 officia 4,
695 1111111111410 1111113, 649 1118 .
labefactos 131115,111111111114,1170 1111131936 1111311111()1111.),4
659 1111111111,99·5,11111]11 lepore 5, 869· 5, 885· 6,
111111114,1073 1196.1111111,196 1958 1996

1111111114, 1978 lactymas aufer 11-11111 9, 496. 4,111311(11ο1·1,659
111116111119,1145 1111111113, 967 696. 5,.13511379 1111311111 5, 651.
11111615, 509 lacrimis 111111 11- 11111119, 409. 411. 757
1111115,10616,333 mectentoral, 949. 454. 457. 465. 466. 111131 113, 173
1111111111, 1033 rorantibus 9, 976. 4761 3, 195. 906. 11113111(111)1,886.
11111611,9.10031 111111111113, 470. 94515, 4561 6, pecudes (ones) 9,
9, 862: 5, 1915 lassi 6, 1946 399. 353 318. 6601 ·5, 864
1111111115, 987 lactant pedibus 5,11111111111111(111111-1111311·11 pecudes
1111011115, 998 1067 11111119, 487 (1111)6, 1940
111111(1111)4, 447· 1111111115, 883 )’111311111111111111- lanugine 111111 5,
5,476 11111 1, 9691 5, 1114, 439 815. malarum 887
11111114,1169 819 111111111111111114 11116131000. 1040.
labitur 4, 4446: 5, 1111111111111, 959 663 10551087

719. 717 1111111,886.19,3761 1 1111 sit mutua lapidem l,844.888:
laborant 6, 395. 111, 5, 841 11111114, 309 4, 936 : 5, 4198: 6,
et pereunt 4, 849 lactisque liquores 9, laevor vocis 4, 547 160. 3139101009.
11111113, 177: 5, 398 meminitlaevor 1111- 1014

1429. corpus8 788 4acum4, 1090 stare 11111111 4, lapides 9, 888. 4,
4,1099 1111111115, 1966 154 417. 5,397. 1983.
111111 1, 9141 9,111111111,11616,11111·1 principio· 6,109. 105
79911101 3, 69. 537. 554. salsas8, rum4. 547 lapidilapidem 1111-
119. 4901 4, 955. 1044 1111 principiali 11- musl, 888
1114. 5,.914 867· 111111 11111115 799 11119, 493 11111119111011
6, 1949. 1111111- 11111(1113.)6, 746. 1111114, 309 11 pidum8,l99
1111111111119, 19 747 (plur.)5, 76. 1111111115, 1066 1111118, 694. 6,.161
1110111111, 14919, 46413711653711111111113,965 9611044

9. 1165. 3, 367. lacusque (plur.,)2 1111111310311 111111(11111.),4 901
101915,1181.1913. 845: 6,588 11111111 vitai 111- lapsaque (p4ur.4,)
1971. 1358 1111111111 naves :d duntquasicunsore: 445

11111113, 730 111115, 999 9, 78 lapsi, :vera 11111111
labore: (nom.) 9, laedere 9, 499. 469: aeternam lampada 1,:688 2‚176
4168 4, 588. 722. 795.11111(115,403 1111116393
11111113, 506 197515, 1019 lampadas igniferas laqueata aurataque
1111111111 1111111119 116119, 436. 4,1536 9, 95 1111311998

53 · 5,1496 11111161 :osea sol 1113111111 2805
11111113, 956 1111111113, 149150 1111115, 609 ρ1ο111115,9481
11111114,1187 1111111113, 545 1111111 mpade(non0 pabula-5, 867
111114, 5991 ·,51406 1111(1113.) ),39071 die)6mp 1496 11131611 (1113.) 9,
11110111114,,15.11- 4161111399,1113114118 697

nuel, 939. 111111- (plur)4‚ 119315, Ι11114,377 largifluum fontem
11114, 554 1011. 11111111, 14. 11111(11113)1, 361· 11111115, 597
111113, 404 258: 9, 317. 364. 6,503. 1078 1113111115,167
1111111113, 10064, 596. 874. 115911- 111111111115, 4858 1113111116, 699. 611-
699 111119, 343. 594. 11131111116,1919. 11111111
111111114, 849 698. 993· 5,919. 1959 111314,195115,433
1111111113, 900 11111119,115715,1113111116, 1155 largo: haustus 111
lacerato (nom.) 31371 1916. ex inimicitus fontibu’ 11131111,
409. 11111111131018 31145 448

 

