VARIAE LEOTIONES 0111. lv.

1009 jam tum l 4. jam 11550001110001101 2 3. 1197 00101100111234
00012 3 0001110010 4 1109 1000101 1

1100 Α101000123.Αο110 1157 11001101 1. 11001110 12001000101234
00014 2 3 - junctosque 1

1101 1100001000 23 1158 0610 23 1202 0001100 1. 0010100 23

-- salvias 23 —-— lampadum 23 -- 111111 1 4. 11111112 3 ’

1105 16110011 1234 1159 100110100 12 3. w- 1203 110101οε0014
110710123 χ1014 - 1100101011123.1001-
-11000000014 —eromenion 1. 010- 0114 ’ ’
1108 0100111234 010010023. ερω- 1206 01111101234
—- conjecta l 2 3. con· prevwr4 -—- 1110110234
1000104 — 0114 1213 010100106101234
11121100001234 1160100010 1. 00001023. 121610110123
1113 0010 23 1000114 1218 0100101284
1114 06000110001 1 2 3. 1161 50101001. 10110023. - 0 pro de 4. decet 1
0600010014 10011001 4 2 3
—- nervis 1 23. 001100 —-— 10000101 2 3 010- 1220 0001001
4 010004 1223 0114
1115 100110123 -- 000010011 2 3. 60- -- verisimile 0011 234
1116 0001100101 23 4 00100110 4 - quocunque l
1117 11011000123 1162101οο10 1 2 3. λα· 1225 sument 23
1120 10010601112 3 100004 1226 0001101010 2 3
-1000010101023 -- 00101104 - 0000000104
1122 1000 2 3. 00004 1163 16 pro 01 1 2 34 1227 110010101001 1
-- 11001023 1165 juel -001011000123
-- 0001123 -01111011010123 -- atiel
1123 01000 01116000 100111- 1166 0101 4 1229 perumque 1 2 34
00001234 -- 0101110101 23 - 01011οο 1. 01011002
1126 0010 10011 1167 erimus 23 34
1128 00101234 -1010111234 1236 1100110123. 0106111
1131 investit 23 1169 10001 fugient 23 2 3
113310110 0006 1. 00110 1170100110023 1237010123
000623 1172 000100100123 -- 0001123
1134 Aut 0010123. Α1- - 11011001 fugit 23 —concretum 100010 1.
. 0014 1173 missum 123. 110- 00001010010001023
—- 01010123 011100014 1233 0123
1135 11001123 1175 0011011234 1245 001004
11381111010110 1. 10 lig· 1176 810111110000123 -- 00000011234
01011023. 1011010110 -- 010123 -10601234
4 1179 post 10010 1234 1252 0001001001123
1139 100101001 1 2 34 1180 000110100ου0 12 3 4 1253 0010. 1100111 2 34
1140 001 deest 23 11810001123 125410001234
1141 10001023 -- 0000001234 - 0001010123
ᾖ 0001100001οΙ 1182 1000010102134. 10- 1262 Ne 1 23tl 23
1 0011010 -- opessun ,01ον
0111111131 fin] 1111131310 1266 01111100
ο- perpetis l 2 34 1184 Praetermittent 1. -- 0010010 1. 0011010 2
- jus 1 23 0101010110010234 3 4
1146 1100110001 1234 -10600111234 - viasque 1. vintqne2
1147 01014. 0100000123 1187 000001101234 3
1148 pravos 1 1188 Νο0 1 23 1267 Vomeris 1. Vometie
1149 60110110123 11920000 tardet 1 2 3. 2 3. 1101001104
1150 01110 1 subito 016014 1269 0101160000 2 3
1151 placeant 1 2 34 1193 10100100111011001010 1272 Ν 0104
-0111101001011 , 23 - 001000111234
1153 N' 01023 -10101011001001123 1275 0101101234
—- me 01001.100110- nectere 11001014 —corpore 1234
110123.μελαγχο000 1195 Vixitl —culta 1234
4 —viciis 11101023 1276000000 pro vir 1.
1154 6010000 23 - extruentur 2 3 0100012 3
1155 0101011101 23 ,1196 0010 1 2 3 4 1279 100000112 3

 

