INDEX VOCABULORUM.

4111354910401 6,710. 1134 12301 6, 752 altum (mare) 3,
-4, 499. 525. 1150. aliquis l, 892: 2, altas 3, 4571 5, 308. 1043
124215,328.1044. 225. 9301 3, 487 125216,478.558.411114 4, 916: 5,
10451 6, 386 aliquo (404.) 2, 696 7531 328614141-
41111 1, 359. 442. 423. 4251 3, 224 4114 (adv.) l, 78. numque soporem
796. 802 8221 2, aliquod 1, 5941 5, 59012,195.197. 3, 466
198. 506. 509. 690. 2471 6, 565 44310861 4, 327. 14 altum minutatim
694. 697. 777. 840. aliquot 6, 703 406. 947. 11751 vitam provexit 5,
902980. 981. 988 4111(404.)5,10381 5, 91. 6091 6, 65. 1433
1003. 1033. 10741 6, 836 156. 184. 267. 689. altus acervus 3, 198.
3, 285. 315. 975. 4111 (41111) 4, 641 963. 1172 coeli hiatus 4, 419
97810511 atti. alis noctem ex· alteque 6, 245. 647 alterutram 5, 589
608. 637. 638. 639. plaudentibus 4, 411413, 1981 4, 279. alvi 6, 1198
657 bis. 662 bis. 714 6921 5, 637. 833 aluntur 1, 816. 8821
681. 688. 713. 787. 41111, 2301 2, 11561 411414 (sing.) 775 3, 64
12421254. 12551 5, 221 41141141 1, 5981 2, 4110 5, 226
5, 179. 501. 873. alitque 1, 859: 5, 2. 84. 2731 3, 3341 alvoque 3, 347
1008.1131.12061 3231 6, 946 4,1115 amabile l, 24
6, 185. 191. 520. alitibus 6, 818 41141411 1, 525. 768. amantque 1, 642
773. 892. 992. alitur l, 255 10101 5, 637. 644. amantum 5, 960
1115.1227.1245 alituum 2, 9271 5, 7001 6, 569 amara 2, 404. 463
exaliis alios 6,1285 79310381077141141411 tempora amaracini blandum
alimenti 5, 813 6,1214 coeli dividere 1, liquorem 2, 846
alimur 1, 812 aliud 1, 264. 408. 1065 amaracinum 6, 973
. alio (404.) 2, 534. 470 bis. 1108: 2, 41141411 variare 3, amari 3, 9221 4,
781. 793. 8241 3, 17. 506. 509. 811. 374 1127 χ
111. 9831 4, 6921 10031 3, 283 555. alternisbrachiamit· 44411416, 972
·5,833.1064.1069. 978. 983. 10961 14414, 791 4441014,225.11701
108013041454. 4, 369. 436. 10331 alterno 3, 331“5, 6, 930
(adv.) 2, 3651 4, 5, 716. 755. 764. 976 4441441,93914,
1057. 10651 6, 830831127716,41141441,1011 15. 638. 662
988. 989 1111. 990. alterutra 5, 684 amandat, 1094
alioque (nom.) l, 992 alterutrum 1, 973. amantum 4, 1070
8221 4, 7751 5, 41144 2, 733. 9241 1011 4411144140 4, 1172
827. (4111.) 6, 986 3, 8981 4, 287. 4111014, 416. 957 ambagibus 6, 919.
411411 ex alio l, 264. 1132: 5,514.516. 41111 1, 284. 8961 1079
408. 1108 523. 5481 6, 657. 2, 3311 3, 8471 ambens(ambedens)
4110 atque alio 1245. 4,10141 5,144. 5, 397
(404.) 2, 7751 5, alium (aliorum) 1, 233314. 375. 493. ambigitur 3, 1087
304 882 662. 9331 6, 142. ambiguo 4, 1130
ex alioque alius 6, aliunde 3, 1341 6, 494. 785. 968 ambitionis iter 1,
915 1018 altitonans Vultur· 1129
alioqui 8, 415 41141 3, 651. 6521 nus 5, 744 ambrosia 6, 971
4110144 5, 13 4, 637. 681. 6881 altivolans solis rota ames 4, 1054
411012,9.910.1064. 5, 8271 6, 915. 5, 484 amens 6, 85
107413, 529. 6101 1115 4110 3, 7851 5, 388 ametur 4,1272
4,143.499.11501 4114115, 548 alto (4814) 4, 1371 amicitia suavis l,
6,1125. 1235 4111114114, 298 5, 466. 5841 6, 143
alipedes cervi 6, 765 alma 2, 991. Venias 276 amicitiai (amicitiae)
aliqua l, 109. 587. 1,2 penitus 14 alto (in 8, 88
856.104012,93214144 2, 9701 5, 1411411 visceribus) amicitiam 5, 1018
3, 442. 592. 637. 2311 6, 750 4, 269 amictum coeli 6,
8331 4, 264. 518. liquor 4111141 aqua· ex alto (41 coelo) 4, 1182
597. 6691 5, 82. rum 2, 390 200 4411141,1036. 1077

410414 alsia oorqora (quae ex 4110(4111411411 4411144 8, 649

aliquam 5, 383. 824. digus erre non partibus) 4, 90. 44111113, 716
871 011441) 5, 1014 861 amisso 1, 810
aliquas 5,17 4114 6, 3561 3, 4321 411 4110 penitusque amissos 2, 958
aliquem 2, 9701 3, 5, 9121 6, 139 (ex intimis rerum amissum 2, 358
8871 5, 10401 6, 41140442, 11091 5, partibus) 4, 71 amittant l, 328
675 491: 6, 420 exalto (ex tundo) amittens 1, 10381
aliquid 1, 434. 673. alte 2, 301 5, 1392 4, 698 6, 301

972. 9761 3, 115. 41144 6, 262. 582 411012, 7011 6,468. amittit 3, 7691 4,
51314,43.11271 altaria 8, 4331 4, 733 545

 

