INDEX VOCABULORUM.

vial (via) l, 407. 0100030000301,924 0100003 1, 487 virides 3313002, 355.
10403 2, 2493 3, herbae rore vigentes vindicat 3, 894 smaragdos 804
4973 4, 8243 5, 2, 361 0100300οε laeta 2, viridi 00110 2, 322.
7381123 010030 4, 11493 5, 1157. collibus 5, 0010 1000 Smaragdi
amittuntveraviail, 3061297 1371 4, 111935, 949
000 vigeret 4, 313 5, vini 3, 475. 4813 6, ferro privati parte
prima viai 1, 1068 1056 234. 805 0131110, 1207
cuncta viai (00310- reserata viget 0001- vinxit 4, 1195 013110 4, 12023 5,
3300100) 5, 738 talisaura Favoni 1, violare 4, 138. 465. 1355

viam 2, 1293 3, 11 50835,1019 0131311312,1170

, 10423 5, 521. 7123 1303131301οε3 animus violari 6, 70 0110 l, 7303 5,1010
0, 20. 199. 548. 3,151 violarint (violave- 01302, 8523 0, 29
1262. vitae 2, 10 vigilamus 4, 703 3103) 2, 014 primavirorum (pri-
viamque 1, 82 vigilans stertis 3, violat 3, 2135,1154 301 0131) 1, 87 ·
viarum 1, 9573 2, 1001 violenta vis leonum 013005, 999. 1353
6263 5, 1205 3 0, vigilante animo 5, 3, 297. 01310105, 013300 1, 1413 5,
331. 993 1109 902 856. 801
strataviarum 1,816: vigilantes 4, 970 violenti 2, 0213 4, virtute 2, 6413 5,
4, 417 . vigilantibus 1, 1333 110925,1225 904

viarum flexus 3, 4, 373 5, 1404 violentia 3, 481. 741 virtutem animi a·
586 vigilare 1, 1433 4, 0101003105,504.1269 03001 irritat 1,71

clausa viarum 4,616 457.1173 01010030 3, 8243 5, 013001 (0100.) 0, 5. ’

recta viarum ostia vigilat 4, 702 218. 369. 123036, (01303001) 1, 90.
4, 91 0101100 (0030.) 5, 419 7293 2, 3283 4,
vias 1, 3743 2, 406. 1407. 1435 0134, 818. 1275 ' 12253 5, 312. 329.
7253 4, 9733 5, 0110 6, 1221 virentes campos l, 9973 6, 241. 722
442. 14473 6,025. 01100313 expletis 4, 19 1107
1048. 1138. lethi 530 01300(11001.)1, 5773 01300 1, 7203 0,
2, 916. oculorum viis directis 4, 013 2,134. 877.1130. 035
4, 345. 352 tetigit limina 011130 11013 3, 5983 4, 013001, 72030635
viasque 4, 654. 9403 3, 1078 860. 98611143 5, 01300 aquarum per·
6, 983. 1205 villam 3, 1076 315. 380. 410. 025. colatur 5, 270
,0003 01030030 3, 0130 1, 2873 44973 884. 1010. 1216. 010 (0030. 0100.) 1,
057 5, 416. 10323 6, 123936,341.1154. 73. 223. 239. 244.
vicina (plur) l, 8973 180. 446. 819. 915. 1202 248. 272. 486. 725.
’ 6,458. 1017 953. 999. cupidam viresque (nom.) 2, 105032, 215. 277.
vicinum 4, 931 equorum 2, 265 557 3 5, 111 303. 306. 5405443
0100310032, 0053 vina 1, 391 3 6, 230 virescatde 011111030- 3, 8. 171. 272. 278.
5,1270. plur.) 1, vincam consurgere nata copia 303030 280. 297. 398. 451.
85635,110. 1103 6,497 l, 675 475491498582.
010330 (plur.) l, 1081 vincat 4, 1112 virescere 1, 758 037. 038. 645. 747.
0103031, 76 vincebant 5, 967 virescunt 1, 253 763. 705. 772. 791.
0103331301,οο vincendi 5, 13463 6, virgineos conitus 1, 8273 4, 327. 425.
victos 5, 1320 47 88 492. 609. 886. 915.
01030000 5, 1049 0100030 2, 954. 9553 Triviai virginis 1, 1034. 11653 5, 28.
010304, 634. 1142. 3,96134,483.003- 85 135. 1831208398.
1251 13105, 734 013001303933. 1365 414. 558561. 564.
60 01030 certant 5, 0100030 possis in· virgultaque 5, 788 773.879.902.1151.
1081 30311000 0,708 01313,37234,1180. 1225.1232.12853
0103003 (subet.) 1, 01001003010 lapides 12633 5, 621. 962 6, 70. 127. 136.
5923 5, 802. 1079. ab aevo 5, 307 30331 0131 2, 475 144. 237. 280. 294.
11043 0, 9 vincla 6, 355. 915. viribus 1, 288. 9703 298. 299. 308. 309.
vietus (adj.) l, 104. 1069 2, 273. 11203 3, 314. 318. 324. 327.
0183 3,·10103 5, 0100110 4, 11953 5, 450. 452. 4937843 353. 430436. 509.
344 8741311 4, 540. 11473 5, 529549. 559. 577.
viduata (plur.) ma· vinclum 3, 598 817. 1097. 1110. 581591. 002. 664.
000111 5, 878 · vinco fieri 2, 747 1173117012093 092. 758802. 815.
vietam vestem 3, vinctaque (plur.) 5, 0, 558. obtusis 3, 824. 830. 889. 916.
386 840 453 955. 1090. 1096.

0100003 3, 259. 284 010031 (plur.)foedere viridantes 2, 333 5, 1120. 1150. 1222.
vigeat 5, 533 3, 417 1395 - 1280. (plur.) 3, 265
vigebant 5, 1106. 0100300 4, 1200 viridanti colore 5, fortis equi vis 3,8

1111.1403 vincula amicitiai 3, 873 promissa eanum vis
vigebat 5, 1397 83 viridemque 5, 781 4, 685

 

