1ND1111 VOCABULORUM.

1713 canum 713 6, 943. 969. 1620. vitigeniliquorirlati- 42. 342. 3793 51
1220 1090.1097.11063 33111515 765. 787
virque(nom.)2‚1071 5, 209. 2253 6, vitigeni 1371333 6, 1111111713 5, 640. 9723
713 multae possidet 774. 1151. 1237. 1070 6, 864
2, 586 copia 814 vitiis 3, 733 flexis mucronibus
turbida 713 animai 71731 claustra resol— vitio 6, 17. 1068. 1111332427
6, 693 737 1, 416 7377313 5, 1356 uncie unguibus 5,
visat l, 116 quasi cursores vitai 7171117714, 837. 8273 1321
71333132, 668. 9633 lampada tradunt 2, 6, 16 uncisque 5, 31
3, 218. 249. 273. 78 717114, 606 11113ο caepe labro 33-
301. 387. 376. 565. reddita 7173171373, vitroque 6, 990 1311133 pereurrithi-
691: 5, 926 991 (mors 311111 vita vituli (plur.) 4, 57 311733 4, 5923 5,
7133313 3, 267. 719 commutata)4, 765 vitulo 5, 1033 1406
visceribus 1, 887 3 2, 71731113333771713333· vitulorum 2, 364 11113113 aratri ferreus
904 33713)171731]’3373337 vitulus 2, 352 vomer occulte de-
7133337115, 901 3, 872 7173 (plur.) 2, 878. 37333171,314
7133113 1, 837 vitalem 2, 8893 3, 9633 5, 39. 989. 11717131 (ρ137.)1, 375.
fugitabant 7133731371 100. 216. 526. 3371- 9913 6, 887 381 3 3, 493
3773361236 sum 635. voltum 7173111(11ο111.)2,617117171331, 10743 3,
visitque exortumlu- 655 7173717 1311371733 ae· 841: 4, 4233 5,
1711713 solis l,5 71731332, 716. 9403 therisignes1,1083 2733 6, 256. 403.
71371 (visui) 5, 162 8, 346. 406. 5593 717373 (vivida) po· 434. 638717. 881.
71311 33113 (oculis 6, 1225. 11137113 2, testas 3, 410. 557. 891. 8941171311·-
7ξ55ῐιοέζ11137.1134, 71151733ν1111151183 7178311337 6, 1207 21881511 diverberat
106. 291 3 6, 165 3337113133ο17112, vivendo 1, 2033 3, undis 1, 289. 720.
7373377 nt... 7777377 31771377
923, lacessant 4, vitalia 6,771. 1092. 717373 1, 2033 3, 223375100336,
218. 733 rerum 2, 575 102.511.684.7863 436. 622. 728. 925.
visus (subst. sing.) vitalibus 3, 576: 5, 4,115935,17.136. 1075. mollibus 2,
7, 773. (plur.) a· 855 870.959.1117 375
vidos 171 73 pascit 7173113 motus 2, 954. 717333174,1061.1131 unguenta 4, 1118.
1, 87 73717173 3,129 7171(73111)5, 18 1125
vital, 63. 8103 2, vitaliter animata 5, vivida 713 animi 1, unguenti spiritus 3,
“ 5333,66.121.128. 146 73. 7311113179 223
383. 403. 408. 421, vitam 2, 960. 9963 71717 3, 303. 4063 5, unguentum 6, 974
890. 948. 971931. 3, 3842171257. 539 ungues 3, 5273 5,
992. 995. 1008. 323. 398. 469. 549. 7170 (710111.)2, 7023 1282
1027.1036.10593 769. 882. 1070. 31659 unguesque 5, 1037
4, 509. 510. 12533 11003 4, 829. 12753 7173 videns vivo 33· unguibus 5,82.1036.
5, 16. 39. 64. 175. 5, 11. 170. 930. peliririscerabusto 1321
179. 228. 351. 885. 1116. 1121. 1153. 5, 991 unguiculosque6,947
9953 6, 78. 1209. 1174. 142314333 ex vivo Centauri(ex unguit 4, 1172
comenda 828 6, 8. 10.1196.1222 71731173 Centauro) ungulaferrarum 113-
vitaque 3, 568 954. 7173111 371313 (111ο71) 4, 743 sa4, 685
984 6, 1256 = vivos 2, 8703 4, 42 31117313, 8513 5,538.
ex usu, vitaque re- vitamquel‚196.579: 71711111 4, 771 556. 559
,1111178513 1111773136· 3771062 9128511153385
1 · 1 r
vitae 1,106. 22832, 1093 717773 3, 892. 899 3, 851. 858
151723 3, 2. 63. vitanda<plur.)6,779 7111711334,1166 universum (adj.) 4,
79. 254. 546. 591. 71737161 5, 43 1113373 73713 5, 993 263
681. 861. 912. 956. vitantque 4, 325 ulceribus 6, 1146. sedare vocabant 5,
1055. 10913 4, 71737376,1197 1164.1198.1269 943
117935, 9. 21. 180. 717313 2, 558. 916: ulcisci 5, 1148 7333113135, 1041
987. 1156. 14483 3, 8634512. 844. 71131134,1061 7333133112,ὥὸ
6, 4. 825. viam 2, 11393 5, 842. 9553 7177111134, 365. 374. 7333771331,370.427.
10. regimen 3, 95 6, 408 381. 383: 6, 783 440. 508. 1073 3 3,
vitoedepactusffixus) vitareque 4, 822 3711111371 4, 370. 541. 94. 140 : 4, 84
7311713332, 1086 vitat 4, 1066 ducere late 140 73337176, 908
plenus vitae conviva 71713 4, 1145 umbrantes floribus vacanter 2, 318
3, 951 vitiata (sing.) animi Μ37731112, 628 vocantur 6, 740
7173101733) 3, 397. 7137337333, 674 1111111733 3, 3053 4, vocare 1, 54. 459.

 

