VARIAE aumonius 11111. 11.

980 616161 1070 dantque 1 2 3. 61 16 1166611284 .
186 confluxit 1 23 6661666 4. 17 6666116111 2 8
9876661234 -16616614 -6611236614

989 rbi 2 34 -1661666114 2166116661234
992 666614 - medium 11166611 l 28 166611612 34
993 6611623 23 . 27 16166614
1613111116 211110311111116111166
996 6116 28 1072 ratione l 23 - liqueat 1. 1666611123
897161161614. 161 jam — 16666166666123 -1611666116123
23 1973 16 pro inane l 29 6661 166166 1 2 3 4
1002 fulmina 1116611116 2 - vocamus deest 1 - alcae 23
1003 possunt l 234 1074 concedere 1 234 36 1661666123
1904 16 1661666666 134. - oportet 66611 1 23 —jacteria 4
in remeando 2 1075 61661 1 - 16 666112 3
1008 inane 1 23 1076 66616611 1666161161 - 16 plebeia 4
1009 nunc 616 inane 2 3 2. 6661666163 37 gere 23
1010 61161161 113 1077 1666611123 38 6661234
1011 terminat l 2 34 1078 611111 2 4. 6111613 4016161
1012 116161161123 1080 Η666 2. 11663 - 66612 3
-6123 1081 66661116161234 42 6616116611284
-- 61 deest 1 2 34 1082 66661661 1234 - duo 111661 6 “ 361111-
- 1661661234 1084 16666616661234 6111” 116 “ 661611161”
1013 666661 234 1086 artua 2111161163 123
1016 66116 2 34 1087 61161161 l. disserier 43 66611234
102116666666123666 28 - tumefactae 1 2 3. 16-
1023 1661611166111 2 3 4 1669 66616661 23 44 6666816611 234
1027 Qualibet 23 -- 66111123 45 tempus 1234
1031 Integerentl 23 1090 sibi l 2 34 46 16611166662 3
1032161623 -- omnis pro ignea 12 47 ue vera quae l. Reve-
-1661611234 34 1111661628
- summa qua l 2 34 1091 vera. deest 1 2 34 - 661616664
- genus 23 1092 1616611 ’ 48 armorum deest 23
1083 floreant 1. 11616614 1093 61161 1. 61661 2 3. 52 666666123
-1116614 6666666611161614 — 616611128
1035 subiri 23 1094 6616666111234 - 1166123
1036 1661116161 23 109516166111284 -66161161123
.- 11111 111 111111 ⁶
1040 61166616116661234 11001616611234 68 qua 23
1041 66116611 2 34 1101 habeant 1 - terminus 28
1042 61666 23 1102 Τ6616616611 23 72 6611116623. 1166611664
quar cum 6112 3 1104 quecunque 2 8 73 61 1
1043 66111611 -- 61116623 78 1111666161 2 8
1045 Inter 23 -—- 66166164 85 confluxere l 28. 6661
1046 1666161661234 -— 661161. 666116234 11616164
1051 fugae 1. 166623 1107 6616116161 l 2 34 -- 61611123
1054 61161611261616113. 1108 Ν666623. AEque4 ,87 tergibus 1 2 3 4. tergo
1111616114 -6666166661234 111615
,1056 nunti ¹ 1109 66666623 98 61166611123
- 6611623 1110 666666611234 - 66116 61 1 234
10571611661123 97 6661611111. 666161162
1058 intereaque l 23 Ina. ΙΙ. 34
-16661611616661164 3 6661661616 l 284 93 vexantur]
1060 166161 23. 6666164 7 nihii 123 100 66616616 1. 66666616
1066 6161611234 - bone 2 34 23
1067116613 10 pallantis 1. 6611616661 - 1611611114
- 66116111611614 23 105 661616 1 2 34
1068 6166161161.661616111 11 Errare l 2 3 - longaque lateque l
61166 11666614 15 Qualibet 2 8 110 conaonare 2 8
1069 166161611661234 16 quocunque 6111 111 1666161611 23

 

