INDEX VOCABULORUM.

6616613 l, 8803 6, 661666616239193. 0616111114237. 3616133611 6, 95
1051 699. 808. 105113, 504. 657 6611161613, 968
pulsarent 6311116613- 311. 668. 686. 688. quadratasque turres quercus glendiFerns
re 2, 636 803. 9393 4, 117. 4, 354 5, 937
661661131(6611611)4, 680. 777. 9203 5, quadrato 2, 779 querela4, 11751 6,
932 3036427513 6, quadratum 2, 778. 1157

pulsata 4, 589: 6, 245. 261. 540. 665. 784 lassorum vox mixte
ἱ2531384 905 quadratum 131116- 1663 querele 6,
66113116 3, 3823 5, putant 4, 12293 6, mus (rem 666616- 1243

254 851 tam tangimus) 4, querelam liquidem
6611616136165, 741 6616111612, 4263 4, 235 1611661 4, 550
pumilio 4, 1155 12583 6, 765 quadrupedes 6, 757 66313166 6, 9673 4,
666616 1311166111 1, 661613 3, 8021 5, quadrupedem2,536: 588: 5, 1383
110234165. 194. 166104οε 6,68 4, 12581 5, 787. 66313116 2, 3583 6,
tempori’(temporis) putari l, 767: 2, 1201 15

2, 263. 455. 1005. 90815, 240 quierem l, 980: 8, queruntur 3, 77
diei 4, 201 6616161111, 636706. 7611 4, 476 quierint 5, 1341
6611616 13116613 4, 7093 3, 98 6661356115, 972 quierit 6, 855

215 66166 l, 770. 9151 querendum 3, 726. 66136 2, 943 3, 212
6611616 in tempore 2, 793 3, 532. 698 922 6613636111 1, 31

6, 229 66161 1, 393. 839. querentem l, 144 quiescat 5, 535
pungere 2, 469 84214, 471. 1133 66613613666355213 quiescunt 3, 9333
pungunt 4, 629 putealibus lymphis 6,199 4, 767
66613366663331612, 6,1172 quaerere 1, 3333 3, 66166631(6613116631)
829 puteis 6, 840 10. 84814, 966 1, 346

66611161 perterget 4, putemus 5, 82 6613136 1, 104 6613161 (6161.) 3, 18
250. interfodiunt putentur 1, 347 3 4, queremus 1, 370: quiete 1, 4643 2,
leonum 720 59515,125.1044 4, 580 3101610513 4,
puppim 4, 390 6613616, 847 6661111 3, 954 456. 987. 938

6666162,81033,409 661661,19832,410. quaerit 2, 10433 3, 66161311169239521 ⁴

purn(plur.)4,1074: 414.470.717.841. 5151079168573 4, 90535, 981
5, 500 100914, 1303 5, 5, 883 quietes intectas
6616166661, 507 118 quaeritur 4, 780 fronde canes nari·
liquidam, puramque putet 1, 876 quaerunt 2, 978: 4, bus inveniunt 1,
voluptatem 3, 40 6613161 1, 866: 5, 465. 7093 6, 232 406

6616614, 342 128. 755 queruntur 4, 778 661311(661161.)4, 846
purgatum pectus 5, 66116 661666 3, 583 prece 6666116161) quietos 5, 1693 6,
44 6611616616 2, 897 5,1228 72

purgavit 6331616 6611366116 ruinas 66166116 (6161.) 2, 661316662583 5,
131161616616116623 (161166161145 7293 5, 214 1126

6611 (plur.) 6, 449 6611666613, 884 quaesitaque (plur.) quingentos 4, 411
puro 5, 18: 6, 399 6611363313 sexa 5, 5,5 66166633, 62614,
66166631, 6473 2, 308 666111 (6661116111) 1, 3043 5, 912
781 putrescit 6, 830 92132, 334. 335 661663 (quivisse) 5,
66166162, 8293 5, 66111 corpore 3, 774 quamde (666111661- 1044. 1421

1422. Meliboea 2, putribus glebis ter· 113.) 1, 641 66113, 553. 6461 5,
500 16161115, 143 66661614,1008 15336, 430. 554
66166136 5, 1427 6611136162, 859 quasi vero 6, 971 quodnon consuevi·
6616613612, 51 terram intempesti· quassans 4, 591 16666116, 1134
purpureusque colos voscum putrorce· 66661 quassans

conchyli 6, 1072 pit ob imbres 2, grandis 66661161 e· 11111111 districta mi·
6616611,659.6616 928 1611112, 1164 11661615, 1064
4, m tellus humida pu· quassatis (nom.)va- rabiei 4, 1076
purumque l, 776. :rorem 116316 361 sis 3, 435 1611136 4, 1110
1029 intempestivis ex quassatum viribus 1611361366117
6166141020 imbribus 2, 871. 6113316663, 452 radentia flumina ri·
6616 4, 1068 intempestivis plu· quatientes 66323 5, pas rodunt 5, 257
6616116111 5, 1177. 1111663 3166111166 1314 16113135,1266
11781333 1316 6, 1099 valido quatientes radiantia sidere
putabis 5, 22 pyropo rubro 2, 802 impete 2, 326 mundi 4, 214
66161116661004 Pythia que tripode quatiunt terrifico radiari solisluminu
putanda (sing) 3, ex Pboebilauroque sonitu coelestia 6, 462

232 61316161 1, 74015, 13166166, 387 radiatum insigne¹
putandos 2, 616 113 quatiuntur 16111116 diei 6, 699 ⁴

 

