VARIAE LEOTIONES LIB. 111.

767 3114 ·3511)131111111114 9141311111 311 1 11111 1
768 Μο113132 - 1131111113 1234 231111314
-1313128 -859113134 -31123
-· matura 1. 1311113 2 852 3111114. 11111123 915 3323
34 - 1311128 918 condis 2. 3311133
77133111111123 857 3311284 - 1111311323
778331331311234 ·- 11111111311123 - 3331123
775 An 4 - 3311111111 2 34 919 311313311213113133113
77613111234 8631313153123. reti· 922 36234
- 1111131131133 1311134 - 31323
779 Expectare] 23 - 1331113 1 23. 136134 925 Ν3323. Η334
- 11111311313113 864 nihil l 23 - distribuere 23
780 3311313 quae prope· 86513311331123 927 fluctus 12
1311111123. 333 - 3111311123 9301311311234
784 11111ἓῖ ¹3¹4 3111111133. ii} 111111334
737 3311133123 872 jacta 3311 935 3111311111131123
- quicqueml234 873 De 31111113 933 Quum l 234
791 Quod 1 23 874111331331128. mi· 93911113111111113311234 ,
792 13136113 2. 13116113 8 331314 947 3111331113 2131331133
793113111133 —quoi 111311 l 2 8. - 31234
794 manere 1 234 11111314 948 3113311234
795 11 1133311 234 - 1111111134 - 3131111112. 313118
300 03113131132 3 375 31111 1 234 - 11113114
302 Constare 23 - cui 12 84 951 331111132331111111113
305 peremi 1. 1131631111 8761111234Υ 953 5113123
23 ’ -11311123 -311111313111323
806 3311311284 - 33331234 - 1111313123. 1111111114
- procellis l — 1113111631.111ο616311- 954 11 offenso 331 1 2 34
309 3112313 113 2. 111133. per· - 1111131331 23
- 3111131234 111134 955 11311123
310 113111111 2 3 4 877 3313163111 - accidat 2 84
- 311234 87811333 956 Ν11131234
814 6311311234 -111133311234 -13311123
315 1311111 l 23 - 3111331123 959 11311312. 1113331313
- 1111234 3801113311323 - 3111331113
816 01311123 8813128 9611313311234
317 8131111234 382 3111111284 9681331131113111131234
8181131313111234 883111131311311234 - 311234
320 329 vers. 1131311 1 23 884 1111133 1 23 - incendere 23
321 1111311311’313111111311111 886 1131 in 33111111 1 23 964 Ν3111134
4. 11 deest 889 1111131 965 Atque l 23
822 1134 891113111323.111311114 966 Ν111114
324 (1ο1113134 892 Unius 2. Unus 84 967 6313113 1. 63131132 3.
828 1313114 894 111131 312 3 631113 4
331 1113161314. 111311- - dividit 1234 969 perfunctus 1 4. pei·
11113 2 8. 835 33111331 895 iilum 1 23. hilum 4 3111131111 2 3
3131313134 898 1111311128 - vitari 23
882 11131134 899 Cui 1 23 - 1113113123
834 qui 1 2 34 - 11113323 970 363311. 363323
836 Ρτο1113123 ⁹ 900 13383311 1 23. 334 971 11113113313123
Ξ111111111 9111ἳῖἒὲ3 31111114
-31111114, 1111111123 90511331311234 9751133111123
ὦ 1111131313213311234 906 3611111111128 9761113123 234
acere — cere - 113131 113
839 11313 l 2 3. 1131134 907 ,4111131111411131123 979 quiequiim 1 2 34
84811123 909 Ρ31311131328 - 13111311234
- 1113131 2 34 910 facti 123131114 980 Μ313113111
- utroque 311123. 11- ·- 1313156111234 - 13 3133311123
1131311314 911 misero 1111313123 982 tul. tum4.pronunc
8491311323 - demit 12³ deest23

 

