VARIAE Luurtortus 1110171.

1314 000123. 10 0101 1066 11110123 ς 1118 commoneri
1015 1110111123 —coalescere 11. cu· 1119 Ut 000010 1. Venu-
- harescit 2 3 1000010 2 3 0010 2 3
1017 vocina 1 2 3 1067 001100 1. aurius 23 1120 000111ος100 2 3
1018 01001123 -1101100011231 -01011110020101111003
1020 00123 ·- mergatur 23 — conturbas 23
—- ad 1 23 1068 1000101001 23 1122 reddetque 1100101-
1321Nec1 - 1000010123 00023
1022 simila 1. simili 23 -- compage stamina - 0101110101
—- 01011123 1000110123 1123110023
1023 00123 1070 10 1100111123 - 000110123. 01101101
1025 Errat 1. 111012 3 —- 00003 1121 0010011111 23
-erg0123 , 1072 00101023 1125 0001101123
·—- provehit 1 —- 000 1 2 31 1130 pigris 1111011000 12
1027 011 01011123 1073 1111010123 31
1028 10110000 1 23 1071 0001110 1. nepotum ·—- aegrou 1 2 3. regre4
—cupit23 23 1132 0001νο100123. 00
1029 1101 1 2 31 - 1100100123 111νο1001
- 0011100011 231 -1000101023 1133101100010101 23.
1030 Ponas 1 2 31 1075 velite vivere 1 23 001010 011101
1031 Tradit 23 1076 001000000101 1 2 3. —- corruptum l 2 31
-- 00001023 111011 aurum 0000- 1134 quod 1231
-- ventis 1 2 3 1 1011 1135 1001010101. 1011101011
1021 verr. subsequitur 1 2 1077 111101. 11012 3. AEs 23
3 1 -100011123
- 01-001001123 -- 000 1. 0001023. ae- 1136 mortiferae123
1032 1010 00012 310100- 000 1 1139 0110011 1 2 3 1
00011 —- ungatur 1. nigutur 1141 oranem23. omni4
— corpora 1231 23 111210011123
- 011 1081 01001011 1113 1010000023
1035 10110 01123 1082 01101123 1115 0110 1. 001023
1038 Atque 1100111231 1085 0100110123 1119 0011100111 123
1039 0011010 1 2 31 1087 10110 ferri 23 1153 Rancidaque 1 23
-— 1110000111.νο00001 1089 0101010 1. 010010 23 --· 11010 1
23 1096 ,1100 001023 1155 1010100 123
1010 1100 deest 23 1097 intrinsecus 1. intus 1156 01100123
1012 0001010000 2 3 secus 2 3 1158 denique 23
—— feream 1. ferremdi 1099 10123 1163 10110 l. 101100 23
23 -— putorem 1231 1161 rubore l 2 3
1013 111101000ῑο 1 —- munda 23 1165 vi l 2 3
- 10010 23 1100 fluviisque 1 23 1166 0110001
- 0010123 1103 0123 1167 101011
1013 Percepit 1 1. Prae- —- 111001001100101123 1168 000000 1 4. possis
0101123 1101 Britannis} 231 23
- 1100 17001123 1105 001023 - - 100023
1051011023 1106 00023 1169 10 1100011231
1052 Το11001123.101100 - 01123 -1110010123
1 1107 00100110 2 3. 001 1171 (10000123
- 01110123100101 000101 -- 0001101023
-01011001123 1108 1100000000 1 23. 1173 0000100010οΙ
1053 00011 1 2 31 00000001 1171 sotis 23
- 00100123 1113 Unguitur23 1175 0010011231
1050 Ligna 23 -— aegypti12 31 1176 0011010 011110 fessa
1061 00101231 - mediano 2 3. medio 23
-· 0101 1 - 1011100001 1
1062 0010 123 - quae 23 1172 0010. subsequitur l 2
- magneti 1. magne· 1114 0011010123 31
1101 -0100000 l. grossis -- nymphisl23
—- 010 flumine 1. 0110- 23 1177 10100000011 2 3
011002 3 1115 0011011001 23 1178 totiens-morbis 1 2
-- 001101231011111 1117 0011101123 31
1065 0010111123 -0011101111231 1179 0000110011023

 

