VARIAE LEOTIONES 11111. IV.

128 panace4 180 0010001001 1 288 1111110123. 01111001
124-192 01111.11111112 - 1101111134 284101234
124 tristis 1 181 8111111311ιί1 111111- 285 eum 12 3 4. pro id
— 0101111111 3 1110013 1010
125 Quorum 1 84 183 1111011103 288 1131100123
- (1001111113. 0101111114 185 1110111134 289 remota 1284
126 Quin 001101 1. Quun· 188 cuduntur 1 84 290 mirari 011111 1 2 34
110 00111 3 - 101111011001013 291 001 2 8 4
- 00111113 194 quael 2921101111011234
—- res8 195 20401111. 1 234 - 0111001123. 111110-
- 1101111134 197 00111123 0014
1280111. 1111111 8. 000 - queat28 297110123
1114 198 ermanere28 2980111111011111123.
129 1111110111] 3. 101014. 200 1111 11100011 10111 l 2 0111114
pro 1101 34 - 111 ludum 1 23
189 vagari 184 2041111. deest 128. 10- 300-30201111. 11111111
131 111 8 perest 4 2 8
188 137 849. 20510111111234 325-348 1234
140 1 2 8. 207 Quo ne 1. Quo ve28 800-824 1 28. 808-
135 111111. mem 1011111500101111 1111
11311100 12121 111 1311111111 105 1311131 111
111. 1155. sene 111 11130313 115 1111015111
1113 21610010101234 332 0100110123
137 altum 84 - 10013111234 3351011011123
1381101111134 217 1111111234 338 1101100123
139 magnorum 1 4. 10 -- 11100 31111123 889 0100111123
01010013 219 fluant 1284 340101123.101114
- 1100100110 l. dem 221 131) 23 123 1110111812
quorum e
140 11011111 3 230 conare 1 284 844 magne2 8
141 montes magn0s84 237 Accedere 1 28 348 1111010123
143 135136 11111. 1 8 4. 241 1103100123 300 lisam 1
Η11001οΝ1023 - (1111111123 - deestverr.4
— 136 01111 34 242 000101123 -1111023
144 01013 243 Ρ1111111123 301 00111111
- gerentur184 244 0110101123. 114 - deest 01114
146 00100010 1 4. qui· 247 procudit 1 4. protudit — fierit28
cunque8 28 -- ut128
147 jaculetur 14 250 0111001134 302 111123 ’
- 11113 254 1111101023 30411311111234
148 0111134010ἱο 25510100114 305 latebit 1 28
149 01111111 134 260262 vert. 1 284 309 1111111123
- 0110111013 261Αο11110111.Α11111011 - translucetl28
152 00011111 1 34 2 3 311 Indeque4
153 0111101134 -011101101234 - 1111111234
154 111101141101013 262111111123 - 11 1101111234
155 redundent 1. geran- 268 unoreum 1. 1110110012 314 0111100123
tur84 3. 1010110104 ·. 322 010011011 2 84
156 quoque 8. 011 00110- 264 11100114 - 11110 23
001 266 contundimus 1. con· 3491010104
16001100101134 tudimus28 · — inpr0,a1284
161 0111111 84 268 cum 28 352 01011111 0011 1 23
164 11111034 271 11010114 353 000110111 23
167 000 0000011 4011011 273 tum 2 8 356 0111011112 3
00010ου13 - 1010101010 23 358 1010 2 3
- 1011100013 275 1010 1 2 3. 1011114 - derivabitur 1 2 3. de·
- illud 1 84 - 1111123 1111111114
168 sibit 27610101234 361111101234
171 Acherunte retecto l — cum cernitur 128 862 Et 1 28
34 - 000011011014 - 01 ad tornum 1. ut ad
179 spatio utl84 278 0111100011234 1011010 2 3. 01 ad
- 1111101 l 84 281 procudit 1 2 84 turrim 4

 

