minuat 1, 300
Amph canum fl,
mmm 4, 1019
*mm-1, 15 10311
5, 343 337

..nna 5, 727
-11111111111 1, 2931 5,
2711 3, 505, 535
1111111. 1, 2331 4,
4231 ⁶, 713. 721
-1113111111, 113
mmmm sonum 4,
1013

-mm 1, 371 4741
3, 10051 4, 1041.
1059, 1094, 11³4.
1151, 1130. 1135
mmm 1, 2ο. 9231
3, 51 4, 357, 1047.
1033 10771275
5174130
mom 1, 35- 4,
1051. 1055 1139
1139 pennigera,
1074

mmm, 225
Ξέζξῖἒὲέἷέἲῖζῗρἰῖῗ
n> 5, 729
‚mmm-12 1, 135
unm ..1113535101-
ομ. 4, 733
-11111115111115111011111-
1110111 111111) 1, 1053
umplexu 5, 320
:zffifflffi 1³52

51

1111113111 1111111111 5,
1173

..apum (mv.) 1,
5531 3, 9541 4,
3721 5,1053. aqua
3, 955

..113111111- 4, 1122
Amngom 1, 330
Αιιψςιπμ 1, 375
sut-pm mmmm
(dn-pud wie> 2,
519. seno 3, 157,
beno 375. mmm
595
111111 inqua ren-um
..Effammffi
Auen* (Annus) 3,
1033
141111111ς>111111115 337
..1515115111 1, 7191
5, 532
...1111101111111111111515-
numum (μω.
..agan-›- 114541111-

INDEX VOCABULORUM.

11111) 2, 423
nug-t 4, 1127
angit ³. 1032
agustau) 3, 3551
fluxim 0, 1150
mn 3, 1000
angore 11115113,915
immas Ele-
ρ κιο-2537. 1111-
va Lam 11111115
nomm 5, 1302
anguis 3. 013
nagan-⁵ 4, 351. ⁰1»-
111111. 355
augum 4, 431
ugonis 2, 1159
ungu-mque 1, 721
saguntum 4, 5331
5, 1129
sohel-(nom.) 4, 373
ιιι-11114111 4, 332
11111111- 3, 439
anima 1, 132. 7101
3, 275 232. 357.
405. 4175515114.
573, 593 532. 533.
705, 7971 4, 120.
9231 5, 1411 3,
1254
mima 3, 35. 132.
144. 2711310. 330.
530. 532. 533, 7121
1, 1231 3, 727.
737
,1111οε11111 3, 213.
229 273. 599
11031111111311115351
2, 94911111331111111,
³,ss5.pomm⁸⁵5
leve« nunu-m 11111-
11111 5, 237
animm (mmmm)
1131 3, 151. 152.
255, 591, 342 345,
5753131394, 393.
400,407.45514931
535, 579, 524 533,
5551 570. 713. 3271
3501 4, 335 913.
923. 942, 9551 5,
5531 0, 535. 590.
593
animal 5, 321
mim-12 genu· 1,
2231 3, 535
11112111311115111111115,
111 punn- anim-125,
venie: ov· 2, 925
1111111111- 1, 745.
10001 2. 532. 717.
3591 900, 013. 972,

 

11511 41159931
5, 791, 7951 905.

 

9151035 11511151-
2, 720
11111111111111· (111111111-
115111) 2, 917
‚nim-151⁷„ 2, 903,
913. 10791 4, 300
.111111-1114,744
mimam 3, 137, 147.
154. 150. 217. 352.
423. 433, 542. 573,
5971 0071 599. 755.
703. 3001 4, 9201
3, 793, „gena 3,
4025111111 1043
nni-namque 3, 153.
504
animm momenti
5, 540
anim-m agrum po-
nebam. 1221. 11111-
1111111232
ι111111.1111,7741 3,
572
anim-mm 2, 557.
942 9431 3, 533
,3111111114- 1, 303.
3211 2, 10151 3,
7491 4, 0491 5,
70131
mim-„mm 2, 2551
3, 4131 41, 5311 0,
7731934
mima-ni- 2, 9371
3, 97. 3391 4, 357
,nimau-m 1, 4. 151
195351110321 2,
77. 379. 919, 10521
a, 257. 7201 5,
432, 353 917
mmmmm gem
nummi-n 1. 1032

, mimum. 3, 7241

,11111111 (nom.) 3,
029 530 553 535.
537. 722. 700 773
4, 41. 0, 753. 339

ιιιῑιηιηυεωωιιμ,
419

mima-qu: vento-
mm (11111111) 14-
11111153. 5, 1229

mim-n 5, 145

11111311, 7173132.
137.147. 43514491
2, 58. 5813 8, 16.
24. ³5. 43. 911 131.
153 1541132173.
204. 213. 233, 2731
380, ⁸35. mmm.
4⁹⁸, 557, 5601 ⁵77.
⁸74. 68⁰. 701³. 747.
735, 772 739. 701.
3401343 355, 010.

 

1015 10551 4, 30,
44, 120. 335 337,
407. 735. 905. 942
1001111441 5, 30.
93123. 133. 135.
150. 5041 5, 33.
77, 1147. 1154,
1131
,nu-{mique 2, 270
nee me mimi §.1152
1, 921
animi injectu· 2,
7391 mium 1043»
sacua iiber 1⁰4⁶.
1111 nuntior 8, 451.
nn...» 2, 9451 1411-
1111111 5, 99. 105.
11111111151111111111111114
315. mm 4, 752
mimo 1, 4031 2,
391 441 3, 110.
150. 239, 5911. 915.
10571 23791131.
1133.113315,1150.
134110,1231.ηυο
1, 431 3, 9521 5,
1115
animoque Ι, 75 1 3,
309, 952, 9751 5,
50. 134, 10431 e,
531
ex 31111115 dicunt 3,
927
ex mimo mim 3,
110
exnpum ex 11111115
:ationem ². 1040
Rapui: ex :nimo 6,
1111111111 1, 931 1 2,
5221 4, ’1. 703.
9591 5, 21. 15391
5 51. morule· 3,
419
nen-1111 :avertunt ι-
1111111Ἰέ1ιὲιὶπει11ἕ15>
nem ,
ευ1ιιιιι1111,0131947 1
2, 3031 030. 339.
335. 10701 3. 941
113.170,351,4241
4621471. 4325141
4, u 725. 751.
310. 3301 5, 15
mimum amnem
2, 124 adverus 3,
45. 132
1181311111 pul-are 4,
mimum nobi: 13111.
be ver-m nd mio-
nem 2, 1022
mimum uque 11111-
num 3, 137. 100

