INDEX VOCABULORUM.

11941 5, 951. (61.) 6, 48 naturai (66111116) 1, 6661111165, 251
8, 3461 4, 1199. nativos animanti. 110912,·802. foe- 66666661624677241
(adv. mutuo) 5, bun, et mortales (1616 l, 580 4, 120. 519. 930.
10991 6, 1082 esse 6611666 8, 418 6611116116, 29. 760 10001 5, 58. 877.
mutua (mutuo) 61- 66116616 5, 822 naturam 1,22 127. intestinum (66666-
6661 mortales 2, 79 nativumque 5, 67 592. 600. 650. 677. 61161661) 2, 289
16661 mutua (mu- natorum (subet.) 6, 679. 683. 888. 703. mutua 666166116161
1666111118, 802 -18 769. 772. 776. 949. 66 gaudia 5, 852
6 laevo 61 mutua 66166(661161)6,1256 10531 2, 20.168. nectat 2, 847
(mutuo) dexter 4, natum(adj.) l, 6681 807. 588. 664. 705. nectare 6, 971
802. 16616 616166 4, 882 883. 8481 718. 850. 876. 9871 6661616 8, 874
(616166) 16661 945 5, 911 8, 15. 48. 188. 162. nectere 66116 6616 5,
mutuus 4, 1209 661616 1,16.26. 51. 176. 209. 229. 271. 1201 ’
616111116οά61 2508 52. 57. 118. 182. 880. 850457. 515. 16116 vera reclamat,
195. 200. 217. 225. 588. 641. 704. 811. 66661666 l, 617
‚Nucem (sing.) 2, 237. 264. 282. 804. 964. 1016. 10851 neget l, 7041 8, 887
87116, 199 322. 829. 881. 864. 4, 25. 886. 785746. negites (crebro ne-
666116 4, 1245 420. 433. 447. 458. 96615,55.94.158. ges) 4, 911
madet 16666, naut 504. 552. 574. 596. 200. 850587. 826. Ν61666611161665,24
66611 8, 479 608. 620. 628. 688. 8821 6, 878. 470. nemora 2, 1441 5,
6613166166,666161 798. 849. 916. 961. 564. 609. 775. 988. 42 953. 990. 1885.
661 naribus 1161661 1001.1008.1012. 995. clandestinam avia 2846
2847 1087. 10791 2, 23. 6666616661, 779 nempe 1, 8861 2,
661661, 8001 24151 208. 224. 287. 242. naturam muudi 486. 907
8,68114,490.677. 318. 369378. 400. (mundum)2, 181 nemus 2, 859
6911 6, 778. 792. 588. 645. 757. 817. naturam latrare nenu (666) 8, 2001
1191 878. 944. 1050. (poscere) 2, 17 4,716
naresve 8, 550 1057. 1071. 1089. naturam 8, 821 Neptuni 6, 1074.
naribus 1, 4061 2, 1120.1188.1149166161661,71118, corpus acerbum
510. 847. 85014, 3, 23. 29. 85. 181. 816 (61616) 1,471
9901 5, 2010751 168. 186. 192. 204. natus (adj.) 2, 2281 Neptunum l, 654
6, 765. 1201 218. 282. 286. 238. 3, 8811 5, 1781 6, 666666612909920.
661164, 12271249 242. 274. 808. 824. 171 9361 2, 581. 602.
nascendum 8, 618 829. 580. 560. 624. 666661, 2781 5, 999 7961 4, 259. 7211
nascentes 4, 58 670. 708. 712. 789. 6661166116 2, 252 5, 213 .
nascentibus l, 1141 821. 826. 848. 856. navi 4, 888 6666666 l, 814
8, 671 944. 9871 4, 80. 44. 6661116’(66611166) 5, nequeat 1, 589: 2,
nescii, 161121011 109120328407. 1440 77. 194. 5891 8,
666616161 8, 986 744. 766. 786. 844. navigerum mare 1,3 822. 348579. 6051
6666661614, 498 857864. 9401082. navigia 5, 14461 6, 5, 90. 728. 730.
nasi(sing.) primoris 1194. 12501 5, 60. 429. clauda 4, 489 758. 764. 768. 8841
acumen tenue 6, 78.128.138.149. 66616115,1004 6,64. 1071
1191 187. 207. 219. 226. 66616116 5, 834 nequeo 8, 817
6616 (adj. sing.) 1, 240. 832. 886. 351. 666116 6616664391. 66666661 1, 794.
1141 2, 4861 8, 366. 371. 562. 678. trudit 66666 6166- 8891 2, 173. 269.
70914, 775. (plu.) 809. 829. 844. 869. 6616 magno 16611- 595. 60113, 5511
25481278214, 875. 877. 1027. 16166 navim 900 4,322.60015,1461
. 834. 85215, 1083 1280.]287.1353.116611666166666116 6, 302. 880. 1011.

‚ 66166111616115,1361163068.(6616111031 1⁰58

71 225. 884. 597. 646. 66616 4, 895 nequibunt 2, 881
natali die 8, 711 688. 789, 745. 755. 6661165, 224 nequimus 8, 864.
661666 6, 882 888982. 9981040. 6661161 1, 526 6721 4, 349
mutae natantes (pis- 1066. 1188 nautae (plur.) 4, 965 nequirent 6, 105

ces) 2, 842. tonsas naturaque 1, 823. 66111164,43416,898 nequissent 4, 1247
66166166 554. 6616- 499 1 2, 2821 5, 285 6611616 8, 429. 4871 nequisset 2, 1019

666661661665,4891 1616 661616 (11661- 6, 1119 666611 1,Ι 3861 8,
6, 404. 1140 1611662719 nebulae(plur.)6‚108 890442. 562. 7891
6616166, 266 natura pertica (6161- nebulaeque(aing.)3‚ 4, 12891 5, 188.

nati (substplur.) 3, ficiens cuneta 2, 481. (61111.)6,1097 1445

908 1116 nebulam 8, 8841 5, 66161 (plur.) 1, 668:
661166 (61111.)1,7551 naturae (sing.) 1, 72. 254. 464 6, 1188

5, 244. 377 14912, 601 8, 98. 6611111662, 45616, 661616 1, 9041 2,
11611662, 542. 10871 8101 5, 811. 9221 476 811. 8671 3, 172.
8, 61. 289. 2421, 6,40. 38090710091666616 6, 787 574. 697. 7001 4,

 

