INDEX VOCABULORUM.

687. mundi (116- mollis (6616.)2, 282 164. 2331 6, 618 moriturus 6, 962
lum) l, 74. 10961 mollisque 6, 626 morati(plnr.)4, 960 mors 1, 67279312,
2, 10441 3, 161 6, mollit 6, 969 1661611112, 106714, 768. 10011 3, 216.
1203724661212 Μ61611616 (Molos 206 619. 842. 876. 882.
magni mundi 2, 161616)6, 1062 morbi (sing.) 3, 472. 972110416,2221
114416661111666- 66 numen mentis 486. 491. 601836. 6,1249.1261. 1271.
616, 122 momenque (166- 108314, 6691 6, 1166116111164766
inclusa theatri 1611- tumque) 3, 145 667. 664. 1111 morsibusadflxaeva·
, 616 4, 80 momine 3, 189. 190 61161 contagia mor· 116116, 1321
1666161117,23316, 16116 16616161 pon· 61 6, 1236 morsu 3, 663: 4,
749 116, 473 61616161 (sing.) 6, 1010
16611611617616,61611166161399 966. 1090. 1160. morsuque 390116,
11811247 6661616116, 312 12221269 10361067
moerorem 3, 921 monimentis famae 661616616616,1096166116141078
moerorum (16616- 1111116116, 330 morbis 3, 464. 606. 66116111,218.10141
,1661)11111614, 2211 16661116 (nom.) 4, 7321 6, 846. 3601 3, 668. 801. 806
6, 926 69416, 343 6, 1083 mortalem 3, 424.
moesta (sing.) l, 100 66616666616,1106 166166 1, 1341 6, 611642. 763. 882
16611114,1230 monstrat 6, 1446 109311701219. 897

moesto 6, 1231 6661116616, 26 1230. 1263 mortales (homines)
1661116161,9016,16661111616,1031 morbo 61111661114, 1,33.67. 16212,
1169 montes, 1913 1168 76. 171. 6251 3,
1661111116,1279 16 montem succe· 6166166 interiisse 996: 6108812791
1661116 6, 404. 666. dere sylvas coge· 6, 709 6, 60. (adj.) 3, 4181
16161113, 824 66616,1369 catervatim morbo, 6, 349
mole(sing.)4, 8891 montes 1, 18. 202. mortiqucdabantur mortali 1, 233. 7661
5‚97.(plur.16,193 9981 4, 141. 398. 6,]142 2, 9051 411771
molesque (sing.) 5, 407. 408. 460. 6791 ardentia morbo 6, 6. 66. 122. 239.
437 5, 42. 202. 963. 11111661661170 322. 373

16611 tanquammoles 990: 6, 161. 190. morborum 6, 1096. 1661111161,203.10911
16 pectore constet 468. 489. 646. 733 1136 2, 858· 115³ss 31
8,1969 montes icti 11616611 61616613,4116,2211 620. 7791 6, 243.
molesta (sing.) 2, rejectant voces ad 6, 771. 1616166113, 249. 789. 803. 986.
244 116116 166661 2, 461 1168. 12871 6, 42
6161161111, 288 329 16616613,69316,61ο1111166’(16611111-
molimine megno 4, franguntur in 616- 792. 1112. 1204. bue) 6, 28

990 tum concreti mon· 1248. lethi fabrice· mortalibus l, 661 2,
61611111616, 646 tes nimborum 6, 1613, 473 666.917.979.1032.
611 scibatferromo- 168 more 1, 971 26101 11681 3, 1087.
1111116116 6, 932 666111661627616, 4126716197 10911 6,16. 206.
molitur accedere 66 447 volgivago ferarum 242. 942 1091.
6111112, 1023 montibus 1, 284. more 6, 930 1100.116416,1.
66161, 493. 494 8961084163311 moremur 1, 92 11. 391
mollemmclisdemit- 4, 14210141 6, moreris l, 399 1661161111, 86613,
1111 barbam 6, 673 314. 493. 822. 944. mores 2, 664 631. 843. 946
16611111, 744 12431 6, 188. 421. moresque 159611- morte l, 112. 116.
mollescere coepit 736. 786. 963. 1· quaces 3, 316 2661 3, 879. 888.
humanum genus 5, 6611161616, 662 moretur vita in 893. 898. 901. 929.
1013 montis 6, 468. 468. membris 3, 121. 1036. 11021 6,
molli 2, 291 31181 466. 639. 682 694. 128 1194. 1216. 1228.
4,93316,672.816. 696 mori 3, 628 obita l, 1361 4,
887.139116,744 montivagae (sing.) moribundi (plur.) 3, 738
16611161,668.671. 111611,406 641 mortem l, 3631 3,
7661 2, 869. 908. montivago generi moribundo3,1046 339. 670. 8841 939.
905: 4, 847. 790. 1116111612, 697 moribundos 3, 233 947. 938. 108814,
791. 9771 6, 778. montivagum genus moribundus 3,130. 43. 10141 6, 772

1063 1111116162, 1080 663 1661119,1230. 1263 ·

molliaque 3, 696 monumenta virum 1116116618, 7491 6, mortique 6, 1093.
6161116111 undis 2, 6, 241 896. 967 1142
‹ 376 166164, 22816, 630. 66616661661220 mortifer {estus 6,
cibum coquere 61 933 moriens 3, 606. 612 1136
fiammaemollireva- morabor 6, 244 morigera (plur.) 6, mortiferam 6, 819.
pore 6, 1101 morantur 6, 337 81 1089
1116111112, 606 moraril, 10431 2, morigeris 4, 1274 16611112, 6801 3,

 

