636633 366166666633.

3633636646 633 1, 6. 27. 37 6366313 6, 438 363· 3, 4661
363363 3, 6423 5, 636113 4, 949. 336 deducta (sing.) l, delirantes morbo 6,
13003 6, 649 languet 6, 830 97. (6163.)2,396 1158
36333633, 262 6361113333 6, 1148 deduxit 2, 172 delirat linguaque
’66631 36336333 ritui 63336363 l, 821 6333363663 3, 873 6363663 3, 464
lampada tradunt 2, decedere l, 6813 6, defecit 1, 1039 6311366 1, 699
78 736 63133363 (plur.) 36- Phoebi Delphice
663361,10023 2, 6333613 4, 1036 113 6, 760 136363 6, 163
3233 3, 83 6, 618. 63336663 2, 34. 71 defendere 2, 641 3 5, 6316633 2, 3523 6,

’ 669. 6883 6, 27. 63336333694034, 16 1428 309.,1165.12003

47. 178. 301. 306. decidet 6, 496 6313333 6, 1134 6, 74. 416. 1270
320 63316333 5, 934 631333 5, 666 6363632, 21
363366 6, 630. 653 3 6331633663 16 33133 defesse (sing.) 6, dementia 1, 706
6, 344 disposituras 6,194 325. (plur.) 2, dementit, deliraque
cursus(sing.)6, 629. decidit 3, 645 11723 6, 1176 13363 3, 466
(6163.) 4, 4113 6, 6331333636,219.470 defessi (plur.) 5, demersa (plur.) 4,
7.· 30. 419. 772 6331333331, 3663 6, 1123 442
11111161 ⁵’ 61161.ἶέ 1 iii 121222311211 1213⁸1¹¹¹111⁶³⁴⁸
1 5 1
curte (plur.) 4, 1020 6331163666 2, 263 deficere 3, 609 demimus 3, 1100
. 36331(3166.)6,9313633116333 2, 221, 63631363 6, 1231 63616616, 324
6,1251 33333 regione 3131 deficit 3, 646. 8273 demisit 6, 446. 63
363363 3, 326 260 6, 372 3616 2, 1164
Cycuea mele (olo· decore delubra 2, deficiunt 5, 8853 6, demisse (sing.) 6,
366 336363) 2, 604 362 360 426432
116361(3166.)4, 182. 333631 splendere de· deficiuntque 3, 456 demissior 6, 628
908. (plur.) 549 cotes 4, 980 6363611413 3. 22] 63613363 6, 913
(16361337 636631 2, 642 6363616633, 920 demissum 6, 266.
Gyenos 2, 823 decrescere 5, 636 6366333 3, 517 444
Cymbala 3663333 2, decrescit 1, 316 defodere 6, 933. demissus 6, 496
618 proclivius 1333 de· 1365 636136, 419
663333 ud 36333 3, degere 3, 323. 6083 demittere 6, 673
1136333363 morbo, 312 4, 996. 12753 6, demittunt 6, 670
66331663 3333333- 6336333336636311633 1121. 1163 1136633131 3, 37236,
31661142 1616336364,11893 degeret 6, 173 621
bonam portem in 61262 · degitur 2, 16: 4, 113666313663,1052
133366 6636633 da: decurrit 4, 708 1115 636313 6,]113
636363 6, 1247 decurrunt 2, 370 degunt 2, 1093 63633663 2, 769
63633 exitio 6, 998. decurso iumine vitae degustant ignes ce· demtis l, 800
13366 1006 ’ obit 3, 1055 1331 flamma 31663 63636 2, 1132
6336313 331163 1, 7. quodecursum prope trabesque 2, 192 6363331 l, 657
229 3132, 961 dejicere 6, 793 6363331331,396,643
666313 (6663333133) 63363363, aquai 1, 66131361124 6363363635, 492
116663 4, 566 284. 3663366 6, 6313616, 837 63633666 6, 481
notura 636313 (tu- 26436, 609. (plur.) delapsa 6, 312 6363331 1, 662
6133633366 6, 236 366316, 944 631333 6, 821 dent motus accipi-
6336313 (3331363663- dede manus2, 1042 63133636 3, 133 363663 1, 8193 2,
6333336163 2, 504 dedite mens est in delecti (6163.) 1, 87 761. 1008
6336313 signa polire 66663 336616 3, 33333 de etur 336- dent fraudem 2, 187
61460 647 pore 1663 5, 748 6363333 2, 432
damnatus 6, 1230 63613363666366111 delibet pacem 361- dentes 3, 6923 5,
636633 4, 1176 36666 3,]13 mi (demit.) 3, 24 671.1037.10633
11363663 1, 87 dedite fugae 4, 993. 63116336(ρ163.)113- 4,10733 612843
63631666(31333)6336- 66331, morbo 6, 06 666163 6, 69 6, 669
6333333 l, 412 1263 63116336, 621 dentibus 1, 8523 4,
(136611363333 2, 236 deditur in Tartara 63116333363 663313 11023 6, 746. 989.
333113 63 2, 790 3, 979 3366363331101 10681326
63 coelo demisit 2, 6361363 4, 813 delictas 6, 1448. 13363 eribant dentis
1164 63663333 2, 206 substernere 2, 22 3633363 6, 1329
certa de surgere deducere 33 3336 1, 63113113 4, 1149 Deorum 6, 68
parte 5, 702 371 631166331,368. 4233 1136366663 4, 77
patrio de nornine cunctis 336366 de· 3, 209 11363 2, 1763 5, 833
363363 6, 908 ducere 36366313 3, 6363363163.) 2, 984 6, 67. 764

663 63 6, 940 . 634 deliraque (plur.) 13- vitae depectus (63-

 

