INDEX VOCABULORUM.

1111111111..1131111131 88¹ ¹’ ⁹¹⁸² ²' ⁰i¹ii⁶‘³²’ ¹⁰⁶⁸² '⁵'
0101010835 exercita crebis 2, concussae 5, 1286 0011601 8, 413
conamina sumsit 6, 1191310111199 concussis artubus confirmare 1, 4861
1939 000011101,772.1981. 11100115,1976 2, 179. 1853 5,
conantur 1, 9361 4, 2, 564. 9341 3, 896. 0000033035, 652 198
12 genitali 1, 184. 63000003303311011010006101010 vis ani-
0000101 3, 652 principiorum 485 gravis imber 6, 289 011 3, 7711 6, 996
0000ον0 cymbala 2, concilioque 2, 918 00000330 magno 6, confirmem 4, 113
61910001311035, concilium 2, 563. 546 000614, 292
1255 1001311οϊ l, 518 0000011011,1199 confiteare 1, 271.
concedam 2,541 3 4, concinnat 4, 12461 concutit 5, 5521 6, 8261 2, 699. 865.
475 6436. 583. 1116. 594 19731689915,
concedamus l, 657 00001001014, 1269 0000011101 6, 357. 377
concedas l, 975 0000106719 30010133, 249 sanguiue 0111111301
concedat l, 1974 concipere 4, 1259. 0000011001 3, 19 conflanta, 79
concede 3, 975 12623 6, 299. 272 0006311001 5, 954 0006013 mortiferam
concedere l, 389. concipitur l,5 condensa 5, 487. cladem 6, 1989
19791 2, 2373 3, concipiunt 6, 471. contexta magis conflatur 8, 336
5393 4,1177.11841 592 condensaque 4, 55 00060103 l, 474
5, 1357. 13793 6, 0000116, 499 0006303000 31111010 0006311114, 927
54 000011013, 292. 391 6465 00061010 2, 97
concedimus 4, 389 0000106313 3, 573 0006303301(000630· confligendum 8, 854
concedis 2, 834 00001030 8, 5687741 301) 33 031 1, 393 confligunt hyemes
concedit1,608.882. 6124 00063030 0000111010 aestatibus acres 6,
844 00001030 4, 469 l, 576: 2, 99. ag· 372
0000360013, 377 concoctos 2, 852 10103 1, 699. cor-t conflixit 4, 1299
concelebrare carmi· concoctum 4, 635 pore 6, 191 confluat 1, 889
0000010 5, 1389 000001101016, 1976 condere 8, 119314, 00060313 l, 375.
concelebrant 101100- concordia l,457:5, 4353 5, 2. 798. 9933 5, 669. 667.
601000010010012, 19231 1197 79116311
345 0000133001 6, 494 eadem conditione confluit 6, 637. con-
131103 frugiferentes concrescere 1, 8491 gignentur 2, 391 jectus eorum 5,
concelebras 1, 4 4, 137 1 6, 626. 897 conducere l, 3981 699
concepit 6, 397 concrescit 5, 83116, 3, 533 confluxerat6, 1159
concepto 6, 889 846 conducit 6, 967 0006011310 1, 992
00003111οῐ0 l, 5561 000013300014,12541 conductis 1, 691 confluxeruntl, 178
6, 628 6, 249. 459. 527 conduplicantl,7l8: confluxet l, 986
concessit 4, 9161 5, concreta 1, 191813, 3, 71 confluxit 5, 4983 6,
1919 2915, 796. 1256 000601016, 968 1258
0000333010 5, 1148 00001311 1000133 0006011114, 433 confringere 1, 71
concharum 2, 599 nimborum 6, 158 000314, 1163 0001006313 3303032
concharumque 2, 0000131103 4, 1237 00013063, 969 945
374 00001310 5, 467. 469. 0001315, 13 000100614, 562
conchis 4, 934 496 confercit ventus 6, confunduntque 2,
Conchyli (Conchy- 00001001010013,149 157 439
111) 6, 1972 00000100101 5, 1139 00013113 4, 8411 6, 0001030 (sing.) 4,
concidat 4, 511 0000011313 5, 8471 53 566. 6173 6, 599.
concidere 3, 1581 5, 6, 115 0001311 2, 1166 6961 (plur.) 5, 589
133216, 758 0000011001 6, 96οο0131101 nubes 6, confutabunt 4, 499 ⁴
concideret 1, 199 315. 362 598 congemis 8, 947
concidente, 584 0000013001 2, 215 000131103 6, 1261 congerere 3, 1922
000016112, 3531 3, 0000013013 3, 396 0001310310011 6, 352 congesta 3, 949
488 00000130 1, 3853 6, 0001331110 4, 199000133103, (301131.)
’ conciet 9, 826 169. 171 3411 5, 284 0130016, 724
conciliabat 5, 961 concursus (sing.) l, conficere 2, 11431 3, conque-globata 2,
000011100612, 551 6861 2, 1929. 188: 5, 664 158
conciliantur 5, 466. (plur.) l, 6281 2, 0006031301 1, 995 conglomerati 8, 211
corpora 1001311012, 72616443 conficeret 1, 249 conque-gregantur6,
999 00000330 (sing.) 2, 000601012, 1992 455 ·
0000111011 3, 8771 6, 94815, 5511 6, 0006010103 2, 1162 congressa (sing.) 2,
889 288. 667. (11101.)3, 00060114, 643 949.(11101.)1,7611

conciliatu 8, 935. 394. 8463 6, 129. 0006010οῑ01 1, 586 2, 54935,192.427
00063030 l, 5761 543. 547. 11301010 0011660015, 391 congressus (301131.

 

