INDEX Voclannionum,

janua 6, 8291 4, 244. 304. 307. 308. 1101 00001111) 2, imitarier(imitarl)5,.
2731 5, 374. lethi 688. penetralem 382 1378

1, 1105. 0111 radi· 536. ignem ignis ignorantia (10611)1101101016,444
101 4, 535. 01016, procudunt 2, 1114 6, 53 immanem 6, 446
762 ignemque 5, 1009 ignoratur 1, 113 immanes 3, 461
1610161241 100011, 657. 667 100010111217715,11001010111110111110
16116,1201.1205 687. 725. 904911. 196 2, 497. 1010011 5,
10110014,1043 913. 1033. 1087. ignotas 4, 998 34. 1001010119. 01

’ 1011(10160111)3, 162 10901 2, 191431. illecebrisque l, 16 111106010376

1011 (sing.) 3, 430, 591. 881. 1114: 4, 1110111110 1, 138 quamlibet immani
666:6,1106.(plu.) 6101 5, 524. 449. 11010111 (0111101) 1, projectu 00100111
1, 1101, 111 110101. 111111. 101. (plur.) 6, 111. 1111111001
1011(0101.)6,390, 585. 586. 651. 659. 1010101 atque ima immania 00011 11-
elamore montes 2, 663. 701. 757. 760. l, 105512, 487 000114, 412. tem-
330 12841 6, 359. 388. 11010100 4, 575 0115, 522
10116011, 1054: 2, 640. 0061601 16- imaginibus 8, 4311 immanis 4, 1158
135 rupti 2, 214· 4, 9953816, 410 immatura (sing)
ictos 5, 1124 ignesque l, 891: 4, imago 2, 111. 6091 10011 5, 222
1010 1, 2231 2, 84. 54: 6, 209 5, 49. 61. 109. 128. immemorabile 101-
98, 272, 953; 3, ignescatventi vis 6, 157. 175. 215. 237. 11010 4, 1931 6,
177.487.636.8141 300.igneusvortex, 245. 279. 286. 285. 487
4, 750. 9321 5, quodpatriovocita· 295. 303. 309315. immensa (sing.)po·
359. 4011 6, 239. mus nomine ful· 317. 343. 345. 351. testas 5,1208
293. 310. luminis men 6, 296 774. 783. 816. 888 immensi (sing.) 3,
2, 807 igni l, 637. 647. imas 5, 452 86725,380. 1216.
11. 1111 011101111011111011...
5,151.’61216,1681 0100101012671.006061160101115,’1022 (universi molam)
812311341105 1001160111114, 701 1mber 2, 388: 6, 21094
11101 (subst sing.) igni (igne) 8, 6231 289. 495 immensum 1, 956.
2, 643: 1311, 1, 409. 92611951. imbibat petere poe- mare 1, 190 ·
(plur.)2‚24l. 448: 125316,170.275. 1111 101116, 71 immensum Omne
3, 808: 113531 6, 299. 309. 320. 394. 1111616113, 1010 peragravit 100010,
219, 3221021112, 407. 514. 880. 968 imbrem 1, 7841 6, animoque 1, 75
(adj.) 5, 606. 1034 ignibu' (ignibus) 1, 148290. 1175 10110001010000292 ,
de coelo fulminis ic. 454 imbres 1, 251. 7631 imminui 5, 62
tus (subst.) 6, 385 ignibus 1, 655. 782. 2, 897. 9281 5, 217. 1101010011 5, 1016
ldaeammatrem(ter. 841: 2, 514. 5931 416.674.935.1084.110011111 (sing.) 6,
11101111 3, oua: 11161 01111111. 111. 1100101110
Idaeis montibus 5, 5, 299. 301. 7221 611. transversos immissis habenis 5,
662 6, 224. 259. 268. 001 1106101 2, 213. 785
idipsum 4, 475. 781 36611601111101111 grandinis 6, 106 immistionum
idonea(sing.)6,8l7 suffire 2, 1097 imbresque 5, 955 1101011111 10 10100110
idoneus 5, 605 ignifer aether 5, 499 101611 l, 287. 716. aquam 6, 440
jejuna cupido (11- igniferas lampadas 785. (110610) 6,265 immixta (plur.) 1,
me's) 4, 874 2, 25 1016116012193283. 8941 3, 393
10100 jejuna ferun· igniferi (sing.) 101- 806: 2, 8721 5, immoderatum (aine
’10100100112 844 1010116, 378 257. 342, 796 modo et 600) 1,
100111 (1100.) 6, 63, 100111475649650. imbris 2, 2221 6, 1012
(plur.) 21671 5, 684. 704770. 853. 221 immortale 3, 5171
89 9001238614, 331. imbuatignis 6, 904 6160
10011114, 438 609. 924. 11311 5, 1106011(0101.)2,733 immortalem 3, 755
ignarus 5, 996 395. 397. 408. 570. imbuta lepore ri· immortales 3, 779
igne 1, 491. 89915, 666. 696. 1014. denti 10101 pavo· immortalitatem.
143. 603. 1105 1097. 124216, 86. 0010100112501 5461 2, 6461 3,
10001 (0101.) 1, 680 159. 162. 199. 204. imbuta quae sunt a· 776. 805
1111111111· 68661861· lim 2119 11133172
........oem, ,
707. 745. 783. 799. 660669. 863. 867. 11111 1, 3531 3, 7921 immortalibu’ (im.
841. 8901 2 384. 872. 876885. 899. 5,13616,140.575 mortalibus) 6, 54
6731 4, 377. 8711 9049539661165. imitantur 2, 664: immortalibus 5,166
5, 29. 249. 610. 01111011,664. 101- 5, 1068 immortalis 3, 611.
709. 1091. 1100. 0110001 multo pe· 1111111112,71613,61 maurannus.
124516, 146149. netralior (0011101 4, 320. 866⁸ 830. 882 “ η

 

