INDEX VOCABULORUM.

1111162. 666116 6881 4, 361 111165, 915 161116661111616166,
signa 5, 1189 simplex 3, 2321 5, 6111661106’(61116611- 1100

pelage severa 5, 36 613. 619 bus) 6, 893 66111166 11116(61611116
661611 (plur.) agri- simplice 6611116 1, 611116 2, 6621 1, 11116) 6, 1217
6611651356 1012 8181 5, 913 661166(6166.)1,519.
Zephyri cava per simplicitate 1, 519. 6111616661.) 3, 930. 575. 603. (plur.)
661616616166111165, 575. 603. 606. so· 1097 1, 511. 539. 621
1381 1166 2,156. 61161116 6611616 61116 66 661· solida simplicitate
siccare 5, 391 1,1162 pore 1166116 ablu· 2,156

61666116, 626 6116616616 1, 124. .1tur4, 873 solidae(plur.)1,347
siculamffiiculorum) 10591 2, 211 3, insedabiliter sitis a· solidam 1, 513

per agros 1161611116 1311 1, 31. 97. 1166 corpora mer· solidi (sing.) 1, 498
tempestasdomina- 1261311551ὂο sans6,1174 solidis l, 986: 2,
ta 6, 612 165. 177. 192. 211. 611111, 1093 871 1, 5711 5, 925
Sicyonia 4, 1113 210. 258. 301. 311. situm 3, 111. 901 solidissima(plur.) 1,
sidebant 5, 493 319. 322. 328. 317. 361616661 1, 1119 566. 950

616616 1, 2321 2, 352. 359. 601. 613. 16161 6161616661 vi· solido 1, 187. 189.
20911, 30215, 60. 728739. 757. 759. ridesmiscereSma- 501. 5101 3, 808.
116. 131. 151. 515. 762. 782. 789. 793. ragdos 2, 801 8201 5, 858. 365
622. 618. Mundi 1, 799. 871971. 9931 6661616 l, 25 - solidum 1, 516. 522
788: 2, 330. 666116 1,1026.1051.1056. 6661616 6, 858 66116 ferventis aquai
1,1061. serena4, 1088.1092.1094: 666166 3, 611 5, 6, 800

211. 6666166 5, 5, 631 6,75.118 1325. 1111 6611611161 5, 1136
1209 simulacraque 4, 39. 6612,116.119.151. solis (subst.) 1, 5.
palantia sidera solis 737: 5, 76. 309 21013,105711, 129.118.988.10311
6111161621030 6601611661661661616 163. 3261081351 2, 59. 107. 113.
616616 3, 383 2,12 5, 216. 268. 282. 125139161163.
816666 Tyria 6, 584 belli simulacra ci· 381. 399. 593. 609. 212. 653. 7101 3,
aestumatum 11616111 616. 661. 656. 611. stamaconstat.
6161 (611) 3, 102 simulacris 4, 335 681691935971. 37215,77.113.398.
616661231812,6161616616162,1111 1102118811361 119133103172.
6211 3, 5201 1, 1,150 6, 523. 616. 020. 185565. 571. 573.
116 1 5, 519. 627. 616661666111163,531 737. 851. 869. 962 603. 613. 661. 667.
6326356111189. sinceris (integris) solque 1, 8071 1, 703. 705. 709. 750.
1449: 6, 220. 221. membris 717 3961 5,102. 757 752. 765. 772. 796.
1180 666 6166611116 so· 6616 (661161.) 161116 979120516, 39.
616615, 916 6616 3, 886 (terra) 2, 592 208. 235. 272. 513.
signifer 5, 160 61661 l, 333 66161666 6, 395 871. 1195

signiferi (sing.) 5, singillatim 4, 101. unica‚solaque(sing.) multis 66116 1666-
960.1611161166,180 807 2,1077 untibus 66616 1,
61661666611,1312, singula 2, 3963971 solatia 5, 21. 111. 312

127. 610. 101513, 3, 3731 1, 259 1101161 66116 flammam 1,
181 singula quaeque 2, 6616 1, 3071 2, 8001 1089

6166166616 2, 616 165 3, 220. 3651 5, solisetlunae palan·
significarent 5, 1021 616661611161 6, 1065 293. 7121 6, 261. 11616616 2, 1031
6166166611,70015, singultus (plur.) 3, 851. 925 solisque coortum 2,
508 179 661616 1, 820. 715. 1105

616616 1, 10881 1, singultusque (sing.) 106112,1011.10811 6611616116611611161111
8111 5, 533. 626. 6,]158 3, 112. 1591 5, 5, 929 ’
630. 638. 691. 997. 61615, 501. 5051 6, 69. 116. 303151. sollicitae (plur.) 3,
pressis 3,1 308 626. 6387027621 73216,1188
signisque 5, 1127 Sisyphus 3, 1008 6, 618. 6111115121 sollicitamque3,1062
signorum 5, 710 sistere 1,1015.10561 6616166116 1,1121 5, sollicitant 4, 1002
61666611, 88115, 2, 603 971 661116116165,163
631. 686 616111 1,117 solemni l, 97 6611161161 1, 1189
silanos 6, 1263 sita (sing.) 2, 8011 solemnia 66616 611- sollicitatacorpora2,
«11161111162 3, 307. 8601 6, 1661666616166665, 961

61166116 1,162. ta· 879. (plur.)1,428: 1162 66111611611111, 1031
61111166 587 1, 318 6616111116 (6616.) 5, sollicitomotupriva.

silerent 2, 505 siti prostrata cor· 1355. (661.) 1008 ta 1, 311. motu
silices 1, 5721 2, pora jacebant 6, aoli(sub.)5,187.375 semper Jactatur 6,
1191 5, 314 1262 solibus assiduis 5, 1036

silicum 6, 683 sitiens 1,1018.1090 253 661Ιί611616 5, 17
similata (plur.) l, 61116666 616616 1616- solibusetpluviisin· solo (subst. solea,

 

