INDEX VOCABULORUMss

necue 010100 florum 2, 007 000οι0, 1οο fonte· 0, 1010 0,
6001000 3, 5160 5, 600 Bacchi (odor 01- 6001101100 2, 9391 2620 6, 613. 828.
,1406 01) evanuit 3, 222 3, 6230 6, 143 ingenui 1, 231. in·
flecti 2, 2820 6, 6001110 (60011100) fluminis 1, 103004, tegros accedere 1,
1186 6, 1000 1030 9260 4, 2

60011 medicina (cu· 60011100 1, 2900 5, 60010014, 75 fontesquo, lacusque
rari remediis) 3, ll. 10790 6, 725 fluvida(plur. fluida) 2, 345

510 fluctifrago in littore constant 2, 463 fontibus l, 418
600111000 medicina 1, 306 fluvidum (fluidum) 1οο0101002,386.3970
3, 521 600106, 553. 555. 2, 465 3, 58714, 351. 625.
uberibus flentomnia 1051 fluvii (plur.)2, 8740 654. 892. 9380 5,
guttis 1, 360 60010 aquae 6, 553. 5, 464. 943 458. 8090 6, 591.
flexa (ring.) figura Neptuni 1074 600110 4, 2200 6, 981. 1029600104,
4, 318. (plur.) 1ο- 6001001 3, 1900 4, 475. 925 603. 00010 605 =
ramina 000000 4, 1070 600100 l, 18055170 foraminibus 4, 660.
603 ignibus 01 000110 6, 530. 1170 liquidis 6, 348
6001000000011002, fluctuet a6r 6, 366 fluvium 6, 717 iores 4, 277 =
427 600100 (sing.) odo- fluvius 6, 674 1001100 3, 10750 4,
morbi 00 flexit cau· 00104, 679. (piun) 60001 00011 1, 281 6021172 .

00 3, 501 2, 7660 6, 540. 695. fluxisse 5, 910 forma 2, 336. 414.
flexos 061100 4, 307 plangentes (00010- fluxum 6, 19 722. 8940 4, 163.
flexum 1100 4,91, 000100) saxa 2,1100006000002,533 244. 546. 12720 5,
flexura (00101) 4, 1155. irarum 5110000600 nom.) 1, 5731175 -
313 2990 6, 73. 10111 21205211 10001001,47404,670
flexus (00101. plur.) miscebant 6, 1289. foeda (eing,)2,461 5760 2, 685 ’
viarum 3, 586. ae- 00000010 6, 33 foedare 4, 842 formam 2, 3790 4,
quoe 4, 324. bru· 0001600100 pernu· 1106011549 49571

males 6, 615. 639 11106, 141 foede (adv.) 1, 63. formamque 5, 142.
dixere (0006101000)6000000100100600- 86041700 51223 01 faciem quamli-
2, 85 100 odorum 4, 670 1106000510241154. 101 rerum 600004
Flora 5, 738 6000105947 1011 rumpat 2, 254. 0000 5, 1262
6000 4, 1098 fluenter 6, 931 0010001 1, 5800 2, formamentaffigurae)
floreat 1, 1033 000 60001001001004, 302. 0010010531] principiorum2,818
60001010001100 00- 226 1106000 animarum formarum 2, 439 :-
1100110000005 1440 6000100 5, 278 pacta 3, 782 494. 5250 4, 85.
6000005670. aetatis 601600 1000600 2, Ι1006000 3, 4170 5, 103. 1360 5, 731
1, 6560 3, 7710 5, 596 58.— 1441. 0010000 10010002, 442. 780.
845. aevi l, 565 fluido 2, 452 5, 9220 6, 906 10040 4, 5786820
6000016, 215. 330. 6011000000001,719 foedo (nom.) 2, 401 6, 444. 715. 721
1163 animifluitansincer- foedumque 5, 1342 formata 3, 6340 6,
60000100003, 10210 to errore vagaris 100600 2, 890 1259

6, 886 3, 1065 1100010048171203. formaturaque (001.)
florenti aetate6,1073 6010060001001002, 12730 5, 811. 851 labrorum 4, 554
60000110 6, 358. lu· 556 1001160 4, 1153 formaturam (00101.)
mina flammis 4, 6011000 2, 10100 4, 10010 terra 2, 993 0000014, 560 -
452 78 10105, 7790 l, 2540 formidine 3, 64. 790
6000111101,125 flumen l, 2920 4, 5, 779 6, 51

florere 1, 2560 5, 426. 101805, 507. foetum 2, 368 formidine 00000 8,
910 sanguinis expirans foetua l, 194. 210. 9941062

flores (nom.) l, 8. 60 pectore 2, 354 352.103202,1159.0010000 formidine
9270 4, 3 flumen picis e coelo 11630 3,1019=6,1 Divum contrahitur
600000000273 demissum 6, 256 1011105, 970. 1399 51217
florescunt 6, 669. 60001001, 232. 8200 10111001001000100110- 1000161010 3, 29104,
893 2,362. 59010140 quunt 0010100100· 1740 5, 12450 6,
60001 equus 6, 882. 4, 46005, 251262. dae 6, 801 253

1278 416. 9090 6, 266. 1000 5, 282. 602 0 6; formido mortales
60011002, 33. 6280 539616010001101- 848. 873. 879. 887. 00011001 1, 152
4, 1127. 11710 5, petuo 00000 1, 890. largus 5, 282 formis 2, 334. 373.
13951399 1002 10010 4, 11560 6, 496. 731767. 8160

600160101υο.) 5, 783 flumina Magueaii 905 3, 320 4, 270 5,
6001100103, 11 000116, 1062. Nili 1001010 3, 820 4, 823

florida mundi novi· 1112 10180 6, 5970 6, fornacibus 6, 147.
tan 5, 941 flumine 1, 283 0 2, 850. 862. 867. 885. 201.277·681.1167
floria 6, 787 6626660 4, 423. 895 10001111οη011) 6, 735

 

