9

INDEX VOCABULORUM.

advorsum 5, 1318 miser ampliu: :equo aere renidescit tellus 826. (calorem)363.
adurit 4, 336 3, 965 2, 328 1001

ex adyto cordio 1, aequor 1, 719: 2, 0111111061678 aestumque(calorem)

738 3761 6, 667. 892 031101, 12 6, 476. 1110111695
aedes 2, 24. 11661 aequora 2, 1. 765: 061101 1, 771. un· 01101,10011111(000-
4, 453 5, 267. 389. 999. 11012151. 00101 turbatio animi) 3,
01111101 3,16781 4, 1226. ponti 1, 8: 5, 502 174. maris 4, 226.
274.36815,16761 2, 7711 4, 4131 0111011100 5, 823 001015, 484. 8171
6, 223 6, 439. 624. patuli 0111111114, 2921 5, 6, 1647. 1136. ter-
0111100111016,273 mundio, 167 10(1ορ01) 6, 823.
aeger3, 1683 00001 plani campi 0111101 2, 636 824. 01110111 486.
AEgis 6, 584 (planitiem)4,1015 011111 4, 9311 5, 0101111836. 00110-
AEgooerotio (Capri· aequore (mari) 3, 539. 554 rum 925. lapidis
001111) 5, 614 785: 6,621. ponti 01111 2, 233. 6621 164916541657.
011101061221 2, 7861 6, 628. 3, 288. 2931 4, (0010101) 1, 3611
1001021981 3,8741 10110 3, 4921 5, 252343 3, 1625. materiai
4,1240 129:6, 634 0611100101 1, 268. (motus atom.) 2,
oegre est corpori aequore 10111 (saxo 784. 861. 864. 562. 0111011160-
(oorpusaegrumest) polito et 000010) 16861 2, 2641 3, nes) 5, 526. 101-
3, 836 3, 965 457. 576. 596. 7521 10 (vapores) 6,
aegreooimus 5, 356 aequore (aequab11i· 4, 6971 61225. 816 ,
1001010113, 526 10101100001010114, primordia 3, 237. 0101000000(ρο1-
0111131111 5,1721 166. 291 intervallum 4, 188. quam) largos 0110-
3, 878· - 00110111422115, 19810ος1111ῐο0οη 11110121136
6131111Ψ12ῗ, 58561 3, 0111501 flexus 4, 324 191.27011111050(16)οιῚὶ ι11111111]ἧῐὶὲἰεῑιιξῗιζ-
918. 9461 6, 1. 0000103, 5121 5, 0111 1, 4941 5, 10151434
1150 227.1622.1688 12561269. 1286101111 1, 226. 234.
0310161136 0111, 386. 399396. 6, 1647. 1661 469. 5591 2, 1676.
001011191257 568. 776. 9981 2, aerisque5, 1285 1119113111501,
001016, 1236 11161 3,123. 235. 01010110 4, 1662 3, 456. 859. 866.
001010141117 248. 276. 283. 5721 0100001110 magno· 1688. 16981 4,
0010103, 167. 569 4, 133, 276. 278. 0010010161229 1632111515671.
AEgypti 6, 713. 1139 339. 341. 356. 366. 0101000111ῐο 1, 169 867. 8268321275.
AEgypto 6, 1165. 376. 896. 935. 9511 0111101111 3, 56 1387.1444.14521
1113, 5, 435. 499. 523. aes 5, 1246. 1272. 6, 544
AEgy tum 6, 714 563. 665, 636. 6951 12741 6, 229. 351. 0101 puerorum im·
0100111, 297 6, 336. 684. 685. 948. 966. 1653. providaludifioetur
AEneadum l,l 1622. 1625. 1626. 1677. 1678 1, 9381 4,14
aequa 1, 705: 3, 1633.1635.1695.011010 4, 56: 5, 0101000 4, 819
1697141224 1103.1116.1118 86116, 715. 846 010103, 974. ante·
aequa fides 4, 501 0610 l, 714. 745. 011011 (testate) 6, 0010 l, 235: 2,
aequabat 6, 1175 786. 9981223613, 298.10000105,884.
91161111.) 1, 1000101 399⁸ 11111..) ..3113111111
1251 5, 683 367. 5621 5, 274. 10101106110111111- 999: 4, 1129: 5,
aequato (nom.) 5, 279. 512. 6641 6, (1010101115, 648 35716, 235. an·
225⁹. 1, 010010. 11111111· ¹⁰⁰1' {444245‘45113444s55175431'167722: 0,
84916751 2, 233. 0810 rarum 2, 166. 5, 641 771. 7751 4,1624.
4114411 3, 6691 tenerum 145. mul· aestiferum radiorum 16991 5,318. 845.
4, 1237 tum 5, 586 ictum 5, 612 florem 1, 556
0000 nec 101001 at· 010 6, 228 0111111 0 partibus aetatisadultaegradus
. , r .
..111001ι {6⁵2⁹ 1, 111111111.... 611111111311 ..11111ῗὲ1115,
0111153011, 0111 0, 1111213690οι 0, 0111110110) 1, :092 1111541161 111
12614,1237 3634445671993. 5,11631 6, 16. 121411,666.6211
0000011100 l, 43: 4, 275. 7461 5, (motu) corporis 4, 2, 966. 16691 3,
3, 952. 9751 5, 255. 6521 6, 363. 1617. 0111115,568. 86715,117.326.
1118. certamine 2, 345. 443. 1126 92716,143.1261. 352 .
..zzz-5:33.. ., :5:1²⁶- 5νο 11110. 001 ¹2
314. longius 4, 561 01000051288 0111110 (motum) 6, 010100 6, 661

 

