INDEX VOCABULORUM.

513. 722841. 848. 66661 (cantus) 4, 66661116νί16, 729 1666166661 1,314.
969. 1107 908 Ι caput· quasspns 56161.) casus 6616·
66161616 1, 786. 8071 parvus Cycm canor grandis suspirat 16162, 231

2, 8571 6, 714. 4,182 arator 2, 1163 catenam 6, 910
847 666666661662766 carbasus dat crepi- forte caterva 2, 680
66161166, 367. cor· 666162, 619 ’16166108 catervas 2, 628.
6616 (61616.) 3, 122 66616661083. 1405 carbonumque 6, 802 Ρ11166166611.Μ61-
campi 5, 493. 661 canum 5, 1062. ca- 6166161029 116 5, 1308

loca campi 2, 40 6616 promissa vis carceribuspatefactis 66161166661142
plani petit aequora 4, 685. cerbereas 2, 26414, 987 66161116 666666616
666161 (planitiem) facies 737. 666 66166624 1090

61015 66661661661220. carebit 1,574 661611 Ρ661116161616
campique 4, 390 levisomna canum carentibus sensu 2, 61035

campis 2, 8321 5, 661665, 862 989 6616161664, 995
1372 capacimoenia mun· luoecarentum(mor· candos 5, 1066
campisque 5, 6021 616122 1661616) 4, 39 cata (sing.) 2, 6201
6, 12 barbigeras capellas carere5, 1426 6, 126. (161.) 5,
661666265961666 6, 970 carerent 1, 344 13811 6, 579. 1088.
5, 950 capere l, 5351 2, 661612,65118,8571 1192 .
6661661616 2, 324 96716118116, 4,1066 cavam spissescere
66616661, 27412, 826 66161 fine modoque 6611666175
61 4, 4611 6, 736 capere irarum 666- 1, 963 cavas 6611666271
cam sque 1, 191 1663, 299 66116664,97815,1 66161166166111611111·
5, 82 13741 6, 6666161615, 927 66116166 1, 7321 3, 6161 casus 1, 814
4041146166616111 capiam, 6, 94 421161379. 14491 cavati, oculi 6, 1192
natare 266. 66166- 66616616970.1005 6, 380166166666- caudaque 2, 805
tes 5, 489 1 capias 4, 635. 954 go l, 9331 4, 9. 6666616 3, 658
’145ἓῖ11 iii-iiiii} &iiiiii 685161 4, 751516Ὗῖ, 155(18118 &iiiiii .
32 16 6616111161,1441 4, cavom (661616) con·
6111666118, 21 6661666615, 452 2116937. Pierio sesum 4, 76
2311111816,21135110 iiivl ¹⁰q⁰⁰¹¹³ ¹’ eeneii? .
616 capitalem 66161615665, 1442 6666164, 1138
66666661, 2591 2, capite 3, 616. 7921 carnem 6, 967. 969 66661666616114,1721
7701 4, 341. fcr- 4, 4741 6136600 carnifices 3, 1030 6, 251. 1611616 596
16166147 6661111,92814,4 66166666161157 661616166111611164, “
66666611 marmore capitis (6616.) 4, carosque 3, 85 392 81166616, 688
2, 766. 1616166 5, 5911 5, 113716, Scipiades Cartbagi- cavis fornacibus 6,
720161195 7841200 6161161161 3, 1047 201
1661666666666611 16 6616111616 2, 6321 5, 606666666οὲ9731 ciiii: (66165666οὲ
66116166 2,731. 7921 capitur 1, 621 2, 6661661252 256. 702. 7071 6,
67771691. si· 65014, 865 cassa (sing.) 3, 994. 839. palan 4, 624.
6616 5, 1209 capiunt 2, 9241 4, 10621 4, 514 664. 1611161166491
candidus 4, 687 649161409 cassaque sensu 4, 6111666953
candor 2, 322 6661661614, 649 127 ’ 6666160666 syl·
66666164, 2381 5, capripedes Satyros cassum 661616661- 1616661116616 134
283 4, 584 pus 3, 561. 1661166 causa (nom.) 1, 242.
1661166166 6666616 capris 4, 645 5, 718756 107112174255.

(1111166166)2,764 capta l, 15 cassus lumine air 422. 788. 106713, <

canenda 6, 83 6661614, 1089 4, 369 47. 325. 849. 423.
canentum 4, 589 1 666115, 969. 1258. inceste 66616 1, 99 430485. 501. 578.
61384 qua'si mentibus 4, castaque 5, 1011 592. 6011 4, 194.
611666666616 sylvas 1016 6661161024 Ι 234. 238. 840. 849.
l, 257 66616614,1140 castoreoque gravi 126715,157.168.
66666(6666)1,4951 caput 1,651 2, 6061 6161161 sopita re· 209. 848. 510. 582.
4, 709. 988. 1196 6112139. 148. 6666116794 619.773.868.1160.
66611166 rapidis 5, 386. 65497210541 6666 l, 74215, 313. 12511684171.
890 5, 86. 271. 542. 133216301094. 203. 576. 754.
canibusque ciere 5, 753. 89413981 6, (1611614745 999

1250 60. 261. 636. 1143 casumque 3, 996 causaque 1, 289

canis, Hyrcano de caput 6166166166-66666(6166.)3,109916666616,362
semine 3, 750 tum erigere 61207 5, 206. 8111116161 16- 66666162, 255. 2681

 

