” INDEX VOCABULORUM.

posituris(sub.)2,895 561. 718. 879 1110010111 1, 822 atque 1111010 5,
1011101 6,1206 potissimaque 8, 781 1111000011 4, 568 1841

possedere 5, 208 quem 10110 potita 4, 1100011010 1, 372 praesentit 01101010
possedit 1, 965: 4, 765 11101105,1248 anser 4, 686
3401 6, 1048 1001111 lethique po· 1101111100 5, 1081 1101111108, 9111 5,
1011111111(1011111001) 1110014, 770 praedae(sing.) 5, 873. 872

1, 887 1011101 primordia 2, 958 praesidioque2, 642
possideantur 1, 891 652 1106100102, 646 presidium perfugi·
possideat 5, 610 1011101 sceptra 3, 11011110 (sing.) 2, umque 5, 1108
possidet 2, 5861 4, 1051 ’ 181. 608, (1101.) 1, 110110110015, 788
381 potiundi 4, 1069 287. 619. 688. 798. 11011000015, 1166
1011 10110 8, 528 1100011015, 815989 848. 9161 2, 386. prestante labore 2,
16110 (posito) 1, praebens 1, 230 722. 758. 818894. 1218, 62

1058 1 8, 8701 6, 11011001 4, 721. 870 971 1 8, 333: 4, 86. 11011001101 (0001.)
768. 965 11011010 1, 4451 2, 98. 196. 8181 5, 2, 506

1011010 (11.) 8, 980 5971 8100415, 1451 6, 218. 739. 1101010 (excellere)
posteraque (sing.) 125 760. 982 1, 209. 8591 5,
8,1098 10 10 dictis 1011010 10010 1101 11011110 1178

posterior 4, 8501 6, memento (ludi) 2, 001105, 200 11011010 10101010 4,
1049 65 1110110100 4, 689 154
10110110111005, 1418 prebet 2, 9951 4, 1101100111 (1101.) 1, 1101111 (excellit) 8,
posterioribu’(poste· 278. 418: 5, 583: 891 4861 4, 5051 5,
rioribus) signis 5, 6, 892 1101101, 639: 2, 1354

628 1100011010 2, 160 1171 1961110081 0101101001011101101,
posterius (01111.) 2, praeoepimus 6, 803 5, 44. 10110001 4, 3, 215

. 18215,156.998.110001116,1048 1007. 101100015100011101010101110·
1112. 1257. 12851 11000118, 87 448 11018, 221

6,827. 1199 1110001108, 10 11010010(11.)001-1101110111 (01100-
101101 8, 2761 4, 1110001114, 886 vi 001000 3,614 01101111101001001
1171 1100100018, 636 praemeditotor (ver.) stellas 3, 1057
1011111111 3, 870 1110011010 5, 534 4, 822 1101102,1067.10981
15110(101110)8,884 1100111100111011016, 110010100018,1082 3, 7781 4, 799.
postrema (sing.) 5, 291 1101010 3, 912. 6691 1054: 5,1411: 6,
9081 6, 867 1101οἰ111001 2, 2481 5, 5. 868.1156.1448 1241

1011011116, 541 4,1015 0111101111 spatium 0110001 1101011100
postulet 2, 492 1100111100101001111 praemonstras, 92 101001015, 688
potuns4,1093 3, 1076 Zephyrus Veneris praeteriit 5, 759
101014, 1121 110011118111 (0001) 1100001101 5, 786 1110101 0101111111 110,
1010 (possibile) 8, 4, 632 1101000010 lumina (praeterire) 4, 889
1092 110011110νὶ1 1, 2521 0100111, 145 1101101112, 1108
potentem 3, 75 6, 1038 1101001001013865. preterita (sing.) 1,
10100101 2, 491 3, 1100111101(0010.)6, 477 469

10401 5,11191 6, 1172 1111101114, 1145 110101111111008, 839
12 1100111101110010001) 11011010100101 3, 1110101110οι 3, 868
potesse (posse) 1, 2, 2791 4, 5121 6, 780 praeterlato(sing.)4‚
666: 222810091 744 11010110011010 vio- 573

3, 820 ¹ 1110011110 (sing.) 2, lenti signa 1010111 1101011100 - 111000-
potestas 1, 77. 5891 10311 5, 11781 2, 621 1001(11010110000-
2, 2861 8, 247. 264. (11101.)10101101,783 11010110 (1110101110 tumque) 1, 319
270278. 287. 835. preclaram 5, 158 1101.) 6, 997 praetermittas4,1144
410. 557. 599. 674. 1100101116, 417 praepostera(plur.)4, 1101000111014, 1184
680. 8561 4,64.110010114,1027 ἰ831 ’ praeterqoantsi2,311
102. 4911 5, 48. 1100101101 (0001.) 1, preposterus 01110 8, 11010006111011100-
96. 566878. 1047. 730 621 0014, 581
1208.1241.1270 1100101000011006,2 1101110108, 909 prata 5, 662. 788.
potestates 2, 5871 praeolarum5, 1187 11010111851114, 1871

5, 123816, 64 110011101011005,121 1050. 1099 110110 (sing.) regn·
potestur (potest) 8, effugium 110010- 1101011110(1101.)6, 10 4, 516. falsoque
1023 dere 3, 523 1 10110 523. (1101.)

1011111010102,18 effugium 110010111111010016,602.1275 10010520
101111,4531 2, 849. 1, 954 praesentia (adj.) 2, prece 11010111 (0101.)
911.109518,469.11001011 lethi 10· 116618, 97015, 5,1228
5551082146151 0001000118829. 1081 11001018, 668
802. 1235: 5, 1. coelo 5, 874 1101001110 animo 11010010 6, 511. 559

 

