VARIAE LEGTIONES 11111. 111.

534 0600 1 2 34 610 0000112. 0000113 696 silvas l. 001100 2. so·
— 616000101 611 0101161023 1003. 001004 .
639 00006023 61210101234 698 Ρο1100001023
544 0001100ῐο 0010 0 1 2 - conqueretur 23 709 001000123 =
3 4 ,614 0010. 60001 l 3 3 701 piuant 2. 011100 3
551061234 61611010234 702 010023001003
- 000000011234 617 01001600 1110101 1 2703 6001101123
552 6000010112 34 705 001123
563 00163 6190010000101 4. 001- - 10 60001123
654 00001010023 0001023 708 61023
556 0011001234 620 001123. 604 710 1010123
- 0001000001000000-62210600111234 712 0001234
11100 2 3 623 fulminibus 23 715 0012 3
656 connexu corpus 12 - 001110123, 7181100010123
34 626 00006034 719 006010 2. 006010 3.
557 100010 l 628 Pessimus 23 006010104
66810100101123 - 100010123. 1000104 — 100001123
662 avulsis 34 633 Auditum 1 2 34 - 1110101234
-ν- radicibus 12 34 636 praeciderit 1 234 721 61016002 3
- 11100123 637 0010010013 723 privasse 2 3
663 oculus 1000123 640 0011010234 - 011234
56411601011234 - 0110011234 - corpore 1234
568 dissolvere 23 643 00600100 2 3 4 727 veneantur 3
- movebunt4 645 000161123 728100000023
670 00123 - 0000604 729 000011234
- 10010101234 -600011010001234 731000006110014
572 animam serit 1 2 3. 647 0111111102 34 - 00011234
001014 - 0014 732 0101110111 1 2 34
.- 0101234 648 001000011400100101 733 0111001234 >
573 010 00616010 2 3 2. 00100100 3 734 animis contage fingi,
- 0001234 650 abstraxisse l. 06- 101230010100000-
574 10010 4 01100002 3 tagis 4
576 Quinl 653 01000 jam 4. 60111735100110123
578 conjunctam 001 2 3 01001013 736 01000 1 2 3
680 1110οἰ61004 655 11101001ου0 1 738 001 0001 l 2 34
- 000060 2 3 657 minanti l 2 3 4 740 convexa l. conuexere
-101234 65800060123 23
681 00006023 - 0110100001 234 - 0010 00000 123
- 00123 669 010111οΙ2 742 8001100102 s
— penitus sibique 23 - discedere l —- vulpes dolus 1 2 34
682 Et 1000011123 660 100100 14. 01010023 - 00110012
583 00110 2. 00103 4 661 10110101. 1010010 23 745 generascunt 1 23 4
684 01011 66310100110123 - ingenioque 14. in·
585 manant 0011010000 l 6701001101103 gemeque 23
23 672 Cuml 747 0000001234
688 Dispercitarn2 - uere. 678 1234 754 agunt 23
590 0001011. enatat 23 674 tantopere animi 001760 810123
591 (10006023 1234 - 60000123
594 595. veras. 601101 l - vitiata4 - 00100101
- 23 676 0010101111234 76110100000000101. 10.
696 0014 676 longius l 2 3 4 01000010 2 3. 101000
- 00161601011234 680 001110 001011 001 123 00001004
598 vitelas - innatal 7621113
6-0-ο 00010100601012 34 681 0120000101 ἔ1041010100 763 700 001020300101001-
. umen me
- conlabescunt234 087 01123. 00111002 763 00001234 Δ
602 quando 23 691 Νο10 0010 1 2 3. con· — quam doctus 1. 000
- 0016110234 0011014 600100 2 34
604 01000 14 692 00000023 - equinis 2 3. 00000
608 accedere 1131 693 Μο16160023 0114 ’ ,
609100010101234 694 00611101 234 765 011060001123
610 11000111 2 3 ,695 videtur 2 3 767 (1006000014

 

