INDEX VOCABULORUM.

1101011 1, 201. 8841 prinas mutatur in humanumque genus 11000115175. 1004.
288107881895. 1101115, 275 5,1155 1145. 12721 6,
gemmantes 10110011οη1 Arcadius 00011110,1277 1231

per herbas 462 sus 5, 25 humectans 4, 1187 1101001114, 964
herbis 5, 14101 6, horrescant 6, 260 00011110011,919 jacent 2, 5171 4, 41
’78 horribile 3, 9891 5, humectum stomachi jacentem 3, 900.
Herculis 5, 22 1305 11001110 servare 4, 997.1005
Hesperidum 5, 38 horribili 1, 601 5, 630 11010111 6, 838
0110101111113,1097. 12191252 humeris 3, 7921 5, jecere (a jaceo) 6,
calamos labro per· horribilis 3, 1029 136 705. (1 11010) 2,
0011114, 592 horrida (sing.) 8, 0011111015, 1398 673

011105, 376 171. paupertas 6, 0010101 (sing.) 2, 10011001 (111010) 2,
1111111106,588. 598 1286. (plur.) 3, 872101099. (plu) 50214,1049.10581
1110011001011 1111101101 1011011101 111111

11101 coeli hiatus 4, horriferis accibant humiles 1011001 effi· 1100101(11 11000) 1,
419 vocibus 0100015, ciuntformidiueDi- 63. 9891 4, 921
hiberno tempore 5, 994 1010 0, 51 110012, 31818,1141
698. 938 horriferum genus 5, 0010011, 259. 308. 4, 456. 7691 5,
hilari grandescere 219 310. 350, 809. 8531 2241274
10100102, 1121 00111000(101.)4,401 2, 197. 473. 668. jaci 4, 66. 70

0110 majore 5, 1408 2, 609 11131 8, 340. 428. jaciatque l, 969
011010 (1010110010 horrifico 00110 ci· 502: 4, 223. 868. jaciebant 5, 1317
quid) 3, 221. 517. 0111101010 8, 919 1044. 1084. 10961 1101101010,1171
784. 814. 842. 880. Tartarus horrificos 5, 236. 266. 412. 11011 1,644: 6, 899.
894. 110014, 380. eructans faucibus 804: 6, 495. 501. 886

504. 1261: 5, 859 aestus 3, 1025 505. 554. 633. 840. jacitur 4, 94

11 libella claudicat horrisono lragore 5, 844. 875. 9681185 jaciunt 2, 8451 5,
011010 (vel mini· 110 00010105, 262448. 108016, 388
01001) 4, 518 11011018, 29. 10471 9471 6, 145. 206. jaciuntur 4, 206.
0100115, 1076 5, 1164110592. 377. 617. 943 24110959
hinnitus (sing.) 5, validi terri 1009 humorem 1, 535. 1101101015, 1322
1072 horrorem 1011101111- 709. 7808411 2, 10 jactando membra
hirundo quid 00110 000111 2, 411 11131 3, 4301 4, fatigat 8, 490
contendat cycnis ciet horrorem 10 809. 1022. 1049.111011014,1047 ·
3, 6 membris, 0100001· 1058: 5, 256. 8081 11011014, 989. 101-
hiscant 6, 1068 1111111013, 292 6, 503. 514. 522. 100011010111596
01111001000111110- 001110001598510, 628. 858. ponti(a- jactare 2, 822: 4,
01) 011 00110 po· 1237 10110011111)1,1084 113215, 304. bra?
testas 4, 64. 102 hostem 4, 1044 humoribus 1, 8411 chia in numerum
hodierno 3, 1105 001111513081310. 5, 3851 6, 474. 4, 778

Ηο01011 semperflo· 134710, 898 1175 11011112, 88. 121.
1001111, 125 0011111, 260 001001114, 1286: 5, 5481 3, 47
1101001013, 1050 001110015, 1245 2711 6, 471. 621. 1110111101 (jactari) 6,
Homoeomeriam 1, 0001110116, 1279 024. 636 555. 913

830. 834 humana (sing.) 1, humorum 2, 992 jactatdecorpotelur
1101001111 (001110001- 63. 7341 5, 208. hydra Lernaeapestis cem 5, 570
001001) 3, 927 (plur.) 3, 761 venenatis vallata jactata(sing.)6,109
honore5, 1276: 4, humana (sing.) 5, colubris 5, 27 110111010874. 1030
1049.116416,12 220 hyemes acres con· jacteris 2, 36 >
claro incedere ho· 0010101013, 38 fliguntaestatibus 6, jactetur 3, 50010,
00108, 76 0011110115,1232 372 553

miro est 100111101000110111,7281201110111002514 0011101111 01 saxo
inter honore 5, 169. 5951 3, 8491 hyems 5, 746 jactu' (jactus) de·
1279 4, 1184: 5, 162 01110 comitari hy· 0110103, 1029
honorem 5, 1113. 1305 1000101, 98 jactum (subsc) 5,
1122.1188.1274 001010018, 80 0110000114, 12441 292

001011 imaginibus humanum genus 2, 4,1184 animi 110101 liber 2,
violento volnere 174. 342098. 974. cauis hyrcano dese· 1040
0000101116,419 99413105614, 01100 3, 750 jacuit 6, 785
00001114,1150 5981 5, 72. 821. jaculando 2, 1107
00001010 3, 59 923. 1013. 1025. Isccno4, 1102 11001101014,84
hora 4, 179 1656. 1144. 11931 jacebant 5, 8781 6, 1100111114, 1186
00110 sing.)8,1086 0, 32. odorem 4, 11701194. 1252. jaculatur 4, 1046 ’
horai horoe)1,1015 686. pectus5, 104 1203 jaculentur 4, 147 .

 

