11616 1666156116 616. 111.

267 116666123 348111 deest 1 2 34 4601114

272 111611111661161623. 35166611611234 461 16166661284
16116614 353 nominamus 2 3. no· 464 (1661661162

- 1111623111664 6161666664 - corporum 12

275 quicquam 16166 quic· 355 6116611 - 66661123
6666166123. cui· 356 161661 465 661616162
666166614 362 016161166611234 - dementes 3. 1161666-

278 6616166123 - 1166611234 1164

231 1616 23 370 6611123 - 1161616666 2

- 6116611234 375 61614 4676661123

232 66166116616623 376 611234 - 661166664

236 6611161113 378 661616666234 463 6661234

- ab 1234 383 6166661234 471 fateare 11666123

237 6666666123 384 666661234 474 6116111123

288 (1666616666123 - 61661123 509 Et quoniam mentem

289 6616623 386 superea 1 2 3. su· sanari corpus ut 6-

290 16666661 1. 1661666612. pera 4 grum 1. 6616166 1116111
16666661134 - 11616161 23 23. corpus 16616164

- 66616613. 6661662 389 repente 6116611 23 510 6161611166 66611 166-

292 11661234 - 66616666666623 (1161666164

- 16 1166611234 390 66161614 475 666 1166116616 1234

293 6666666661 392 6166116123 - 6666166612

294 61661123 394 66666666123. 66611- 476 6111166123

295 6666 1. 66616 23 666614 480 sequantur 2 34

296 66661666111 234 395 6666116 pro 66661 1482 066166166623

302 1666116123 23 486 (1116611628

804 1616116123 - tantis 116661 l 23 - 6611161234

- 66666616123 396 concussa 6666166 1 2 488 6111. .

5116111161 399 116111 iiim 48-9111511162116

— 6116611666 l 23 400 6111666612. 66166134 492 6611661611 2 34

306 gelidis 1 23 401 61 1166611 23 - 6616166116 2. 66111666-

- 66616616 l 23 - 661663 1163. 6666166114

307 61666666 123 404 61616666616123 493 6111661123

- 6116623 407 6112663 -fervescunt 14. 166-

81οΝ611166-661161 1 2408 666616161661 666666123
34 410 innata 1. Juvata28 - 6611161234

812 Quando l 28 411 0166161666 28 496 Eliciuntur 1 2 34

313 tenetur 2. 1661161663 412 611234 498 qual. qu 2. qum 3.

320 11116614. 6111623 413 6666611234 66164

322 666116128 415 416 versi. ordine mu· 499 domi 23

325 66666662 1616234 50166666111234

328 66123 4171666111234 503 661623

333 consorti 66616116 1 428 ’61116661 1 234 - 166166661234

, 2 3. 66666611661161 434 geruntur l 2 34 506 notentur-laborent
vitae4 439661234 1234

33461111 quaeque 616661-4406116111611166123 507 6666161234
166166 611 24. 6116- 445 16661116661112 34 510 medicinam 123
6166163 44661123 513611661111234

335 ’61666 2 3. 66661666444816661613 - trahere 23

339 66666623 - tenereque 123 -11116111124111116613

3411166666 1 2 3. 66 4491666623. 1611161664 514 66666666623 ·
166664 450 66166 23 - 1616166164

< 343 1)1661111161.111661111616 451 666161 l 23 516 1666166123
4 ·- 6116611 518 6666666123

·- inter pro 6166666123 - 1161166111 521 6161166614
6616661114 454 delira 1 23 522 6611661111 23

345 6616166123 456 jam 1. 116661 2 3. 5236666111 ’

346 Natura 23 6164 524 6616161116 l 2 34

347 1111166111 234 459 6111661123 5251661616662

- 6661661623 - 1611661 1 4. fatisci 23 530 61666 661166 12 34
348 Dimidium 460 videmus 23 - 11661234

 

